TUDF Converter Validation Report
Generated: 22/05/2026 16:36:59
Total Records: 28882
Accepted Records: 28882
Rejected Records: 0

Row Number,Record Status,Segment,Error Code,Field Name,Error Message,Failure Outcome
11,Accepted,,,,,
12,Accepted,,,,,
13,Accepted,,,,,
14,Accepted,,,,,
15,Accepted,,,,,
16,Accepted,,,,,
17,Accepted,,,,,
18,Accepted,,,,,
19,Accepted,,,,,
20,Accepted,,,,,
21,Accepted,,,,,
22,Accepted,,,,,
23,Accepted,,,,,
24,Accepted,,,,,
25,Accepted,,,,,
26,Accepted,,,,,
27,Accepted,,,,,
28,Accepted,,,,,
29,Accepted,,,,,
30,Accepted,,,,,
31,Accepted,,,,,
32,Accepted,,,,,
33,Accepted,,,,,
34,Accepted,,,,,
35,Accepted,,,,,
36,Accepted,,,,,
37,Accepted,,,,,
38,Accepted,,,,,
39,Accepted,,,,,
40,Accepted,,,,,
41,Accepted,,,,,
42,Accepted,,,,,
43,Accepted,,,,,
44,Accepted,,,,,
45,Accepted,,,,,
46,Accepted,,,,,
47,Accepted,,,,,
48,Accepted,,,,,
49,Accepted,,,,,
50,Accepted,,,,,
51,Accepted,,,,,
52,Accepted,,,,,
53,Accepted,,,,,
54,Accepted,,,,,
55,Accepted,,,,,
56,Accepted,,,,,
57,Accepted,,,,,
58,Accepted,,,,,
59,Accepted,,,,,
60,Accepted,,,,,
61,Accepted,,,,,
62,Accepted,,,,,
63,Accepted,,,,,
64,Accepted,,,,,
65,Accepted,,,,,
66,Accepted,,,,,
67,Accepted,,,,,
68,Accepted,,,,,
69,Accepted,,,,,
70,Accepted,,,,,
71,Accepted,,,,,
72,Accepted,,,,,
73,Accepted,,,,,
74,Accepted,,,,,
75,Accepted,,,,,
76,Accepted,,,,,
77,Accepted,,,,,
78,Accepted,,,,,
79,Accepted,,,,,
80,Accepted,,,,,
81,Accepted,,,,,
82,Accepted,,,,,
83,Accepted,,,,,
84,Accepted,,,,,
85,Accepted,,,,,
86,Accepted,,,,,
87,Accepted,,,,,
88,Accepted,,,,,
89,Accepted,,,,,
90,Accepted,,,,,
91,Accepted,,,,,
92,Accepted,,,,,
93,Accepted,,,,,
94,Accepted,,,,,
95,Accepted,,,,,
96,Accepted,,,,,
97,Accepted,,,,,
98,Accepted,,,,,
99,Accepted,,,,,
100,Accepted,,,,,
101,Accepted,,,,,
102,Accepted,,,,,
103,Accepted,,,,,
104,Accepted,,,,,
105,Accepted,,,,,
106,Accepted,,,,,
107,Accepted,,,,,
108,Accepted,,,,,
109,Accepted,,,,,
110,Accepted,,,,,
111,Accepted,,,,,
112,Accepted,,,,,
113,Accepted,,,,,
114,Accepted,,,,,
115,Accepted,,,,,
116,Accepted,,,,,
117,Accepted,,,,,
118,Accepted,,,,,
119,Accepted,,,,,
120,Accepted,,,,,
121,Accepted,,,,,
122,Accepted,,,,,
123,Accepted,,,,,
124,Accepted,,,,,
125,Accepted,,,,,
126,Accepted,,,,,
127,Accepted,,,,,
128,Accepted,,,,,
129,Accepted,,,,,
130,Accepted,,,,,
131,Accepted,,,,,
132,Accepted,,,,,
133,Accepted,,,,,
134,Accepted,,,,,
135,Accepted,,,,,
136,Accepted,,,,,
137,Accepted,,,,,
138,Accepted,,,,,
139,Accepted,,,,,
140,Accepted,,,,,
141,Accepted,,,,,
142,Accepted,,,,,
143,Accepted,,,,,
144,Accepted,,,,,
145,Accepted,,,,,
146,Accepted,,,,,
147,Accepted,,,,,
148,Accepted,,,,,
149,Accepted,,,,,
150,Accepted,,,,,
151,Accepted,,,,,
152,Accepted,,,,,
153,Accepted,,,,,
154,Accepted,,,,,
155,Accepted,,,,,
156,Accepted,,,,,
157,Accepted,,,,,
158,Accepted,,,,,
159,Accepted,,,,,
160,Accepted,,,,,
161,Accepted,,,,,
162,Accepted,,,,,
163,Accepted,,,,,
164,Accepted,,,,,
165,Accepted,,,,,
166,Accepted,,,,,
167,Accepted,,,,,
168,Accepted,,,,,
169,Accepted,,,,,
170,Accepted,,,,,
171,Accepted,,,,,
172,Accepted,,,,,
173,Accepted,,,,,
174,Accepted,,,,,
175,Accepted,,,,,
176,Accepted,,,,,
177,Accepted,,,,,
178,Accepted,,,,,
179,Accepted,,,,,
180,Accepted,,,,,
181,Accepted,,,,,
182,Accepted,,,,,
183,Accepted,,,,,
184,Accepted,,,,,
185,Accepted,,,,,
186,Accepted,,,,,
187,Accepted,,,,,
188,Accepted,,,,,
189,Accepted,,,,,
190,Accepted,,,,,
191,Accepted,,,,,
192,Accepted,,,,,
193,Accepted,,,,,
194,Accepted,,,,,
195,Accepted,,,,,
196,Accepted,,,,,
197,Accepted,,,,,
198,Accepted,,,,,
199,Accepted,,,,,
200,Accepted,,,,,
201,Accepted,,,,,
202,Accepted,,,,,
203,Accepted,,,,,
204,Accepted,,,,,
205,Accepted,,,,,
206,Accepted,,,,,
207,Accepted,,,,,
208,Accepted,,,,,
209,Accepted,,,,,
210,Accepted,,,,,
211,Accepted,,,,,
212,Accepted,,,,,
213,Accepted,,,,,
214,Accepted,,,,,
215,Accepted,,,,,
216,Accepted,,,,,
217,Accepted,,,,,
218,Accepted,,,,,
219,Accepted,,,,,
220,Accepted,,,,,
221,Accepted,,,,,
222,Accepted,,,,,
223,Accepted,,,,,
224,Accepted,,,,,
225,Accepted,,,,,
226,Accepted,,,,,
227,Accepted,,,,,
228,Accepted,,,,,
229,Accepted,,,,,
230,Accepted,,,,,
231,Accepted,,,,,
232,Accepted,,,,,
233,Accepted,,,,,
234,Accepted,,,,,
235,Accepted,,,,,
236,Accepted,,,,,
237,Accepted,,,,,
238,Accepted,,,,,
239,Accepted,,,,,
240,Accepted,,,,,
241,Accepted,,,,,
242,Accepted,,,,,
243,Accepted,,,,,
244,Accepted,,,,,
245,Accepted,,,,,
246,Accepted,,,,,
247,Accepted,,,,,
248,Accepted,,,,,
249,Accepted,,,,,
250,Accepted,,,,,
251,Accepted,,,,,
252,Accepted,,,,,
253,Accepted,,,,,
254,Accepted,,,,,
255,Accepted,,,,,
256,Accepted,,,,,
257,Accepted,,,,,
258,Accepted,,,,,
259,Accepted,,,,,
260,Accepted,,,,,
261,Accepted,,,,,
262,Accepted,,,,,
263,Accepted,,,,,
264,Accepted,,,,,
265,Accepted,,,,,
266,Accepted,,,,,
267,Accepted,,,,,
268,Accepted,,,,,
269,Accepted,,,,,
270,Accepted,,,,,
271,Accepted,,,,,
272,Accepted,,,,,
273,Accepted,,,,,
274,Accepted,,,,,
275,Accepted,,,,,
276,Accepted,,,,,
277,Accepted,,,,,
278,Accepted,,,,,
279,Accepted,,,,,
280,Accepted,,,,,
281,Accepted,,,,,
282,Accepted,,,,,
283,Accepted,,,,,
284,Accepted,,,,,
285,Accepted,,,,,
286,Accepted,,,,,
287,Accepted,,,,,
288,Accepted,,,,,
289,Accepted,,,,,
290,Accepted,,,,,
291,Accepted,,,,,
292,Accepted,,,,,
293,Accepted,,,,,
294,Accepted,,,,,
295,Accepted,,,,,
296,Accepted,,,,,
297,Accepted,,,,,
298,Accepted,,,,,
299,Accepted,,,,,
300,Accepted,,,,,
301,Accepted,,,,,
302,Accepted,,,,,
303,Accepted,,,,,
304,Accepted,,,,,
305,Accepted,,,,,
306,Accepted,,,,,
307,Accepted,,,,,
308,Accepted,,,,,
309,Accepted,,,,,
310,Accepted,,,,,
311,Accepted,,,,,
312,Accepted,,,,,
313,Accepted,,,,,
314,Accepted,,,,,
315,Accepted,,,,,
316,Accepted,,,,,
317,Accepted,,,,,
318,Accepted,,,,,
319,Accepted,,,,,
320,Accepted,,,,,
321,Accepted,,,,,
322,Accepted,,,,,
323,Accepted,,,,,
324,Accepted,,,,,
325,Accepted,,,,,
326,Accepted,,,,,
327,Accepted,,,,,
328,Accepted,,,,,
329,Accepted,,,,,
330,Accepted,,,,,
331,Accepted,,,,,
332,Accepted,,,,,
333,Accepted,,,,,
334,Accepted,,,,,
335,Accepted,,,,,
336,Accepted,,,,,
337,Accepted,,,,,
338,Accepted,,,,,
339,Accepted,,,,,
340,Accepted,,,,,
341,Accepted,,,,,
342,Accepted,,,,,
343,Accepted,,,,,
344,Accepted,,,,,
345,Accepted,,,,,
346,Accepted,,,,,
347,Accepted,,,,,
348,Accepted,,,,,
349,Accepted,,,,,
350,Accepted,,,,,
351,Accepted,,,,,
352,Accepted,,,,,
353,Accepted,,,,,
354,Accepted,,,,,
355,Accepted,,,,,
356,Accepted,,,,,
357,Accepted,,,,,
358,Accepted,,,,,
359,Accepted,,,,,
360,Accepted,,,,,
361,Accepted,,,,,
362,Accepted,,,,,
363,Accepted,,,,,
364,Accepted,,,,,
365,Accepted,,,,,
366,Accepted,,,,,
367,Accepted,,,,,
368,Accepted,,,,,
369,Accepted,,,,,
370,Accepted,,,,,
371,Accepted,,,,,
372,Accepted,,,,,
373,Accepted,,,,,
374,Accepted,,,,,
375,Accepted,,,,,
376,Accepted,,,,,
377,Accepted,,,,,
378,Accepted,,,,,
379,Accepted,,,,,
380,Accepted,,,,,
381,Accepted,,,,,
382,Accepted,,,,,
383,Accepted,,,,,
384,Accepted,,,,,
385,Accepted,,,,,
386,Accepted,,,,,
387,Accepted,,,,,
388,Accepted,,,,,
389,Accepted,,,,,
390,Accepted,,,,,
391,Accepted,,,,,
392,Accepted,,,,,
393,Accepted,,,,,
394,Accepted,,,,,
395,Accepted,,,,,
396,Accepted,,,,,
397,Accepted,,,,,
398,Accepted,,,,,
399,Accepted,,,,,
400,Accepted,,,,,
401,Accepted,,,,,
402,Accepted,,,,,
403,Accepted,,,,,
404,Accepted,,,,,
405,Accepted,,,,,
406,Accepted,,,,,
407,Accepted,,,,,
408,Accepted,,,,,
409,Accepted,,,,,
410,Accepted,,,,,
411,Accepted,,,,,
412,Accepted,,,,,
413,Accepted,,,,,
414,Accepted,,,,,
415,Accepted,,,,,
416,Accepted,,,,,
417,Accepted,,,,,
418,Accepted,,,,,
419,Accepted,,,,,
420,Accepted,,,,,
421,Accepted,,,,,
422,Accepted,,,,,
423,Accepted,,,,,
424,Accepted,,,,,
425,Accepted,,,,,
426,Accepted,,,,,
427,Accepted,,,,,
428,Accepted,,,,,
429,Accepted,,,,,
430,Accepted,,,,,
431,Accepted,,,,,
432,Accepted,,,,,
433,Accepted,,,,,
434,Accepted,,,,,
435,Accepted,,,,,
436,Accepted,,,,,
437,Accepted,,,,,
438,Accepted,,,,,
439,Accepted,,,,,
440,Accepted,,,,,
441,Accepted,,,,,
442,Accepted,,,,,
443,Accepted,,,,,
444,Accepted,,,,,
445,Accepted,,,,,
446,Accepted,,,,,
447,Accepted,,,,,
448,Accepted,,,,,
449,Accepted,,,,,
450,Accepted,,,,,
451,Accepted,,,,,
452,Accepted,,,,,
453,Accepted,,,,,
454,Accepted,,,,,
455,Accepted,,,,,
456,Accepted,,,,,
457,Accepted,,,,,
458,Accepted,,,,,
459,Accepted,,,,,
460,Accepted,,,,,
461,Accepted,,,,,
462,Accepted,,,,,
463,Accepted,,,,,
464,Accepted,,,,,
465,Accepted,,,,,
466,Accepted,,,,,
467,Accepted,,,,,
468,Accepted,,,,,
469,Accepted,,,,,
470,Accepted,,,,,
471,Accepted,,,,,
472,Accepted,,,,,
473,Accepted,,,,,
474,Accepted,,,,,
475,Accepted,,,,,
476,Accepted,,,,,
477,Accepted,,,,,
478,Accepted,,,,,
479,Accepted,,,,,
480,Accepted,,,,,
481,Accepted,,,,,
482,Accepted,,,,,
483,Accepted,,,,,
484,Accepted,,,,,
485,Accepted,,,,,
486,Accepted,,,,,
487,Accepted,,,,,
488,Accepted,,,,,
489,Accepted,,,,,
490,Accepted,,,,,
491,Accepted,,,,,
492,Accepted,,,,,
493,Accepted,,,,,
494,Accepted,,,,,
495,Accepted,,,,,
496,Accepted,,,,,
497,Accepted,,,,,
498,Accepted,,,,,
499,Accepted,,,,,
500,Accepted,,,,,
501,Accepted,,,,,
502,Accepted,,,,,
503,Accepted,,,,,
504,Accepted,,,,,
505,Accepted,,,,,
506,Accepted,,,,,
507,Accepted,,,,,
508,Accepted,,,,,
509,Accepted,,,,,
510,Accepted,,,,,
511,Accepted,,,,,
512,Accepted,,,,,
513,Accepted,,,,,
514,Accepted,,,,,
515,Accepted,,,,,
516,Accepted,,,,,
517,Accepted,,,,,
518,Accepted,,,,,
519,Accepted,,,,,
520,Accepted,,,,,
521,Accepted,,,,,
522,Accepted,,,,,
523,Accepted,,,,,
524,Accepted,,,,,
525,Accepted,,,,,
526,Accepted,,,,,
527,Accepted,,,,,
528,Accepted,,,,,
529,Accepted,,,,,
530,Accepted,,,,,
531,Accepted,,,,,
532,Accepted,,,,,
533,Accepted,,,,,
534,Accepted,,,,,
535,Accepted,,,,,
536,Accepted,,,,,
537,Accepted,,,,,
538,Accepted,,,,,
539,Accepted,,,,,
540,Accepted,,,,,
541,Accepted,,,,,
542,Accepted,,,,,
543,Accepted,,,,,
544,Accepted,,,,,
545,Accepted,,,,,
546,Accepted,,,,,
547,Accepted,,,,,
548,Accepted,,,,,
549,Accepted,,,,,
550,Accepted,,,,,
551,Accepted,,,,,
552,Accepted,,,,,
553,Accepted,,,,,
554,Accepted,,,,,
555,Accepted,,,,,
556,Accepted,,,,,
557,Accepted,,,,,
558,Accepted,,,,,
559,Accepted,,,,,
560,Accepted,,,,,
561,Accepted,,,,,
562,Accepted,,,,,
563,Accepted,,,,,
564,Accepted,,,,,
565,Accepted,,,,,
566,Accepted,,,,,
567,Accepted,,,,,
568,Accepted,,,,,
569,Accepted,,,,,
570,Accepted,,,,,
571,Accepted,,,,,
572,Accepted,,,,,
573,Accepted,,,,,
574,Accepted,,,,,
575,Accepted,,,,,
576,Accepted,,,,,
577,Accepted,,,,,
578,Accepted,,,,,
579,Accepted,,,,,
580,Accepted,,,,,
581,Accepted,,,,,
582,Accepted,,,,,
583,Accepted,,,,,
584,Accepted,,,,,
585,Accepted,,,,,
586,Accepted,,,,,
587,Accepted,,,,,
588,Accepted,,,,,
589,Accepted,,,,,
590,Accepted,,,,,
591,Accepted,,,,,
592,Accepted,,,,,
593,Accepted,,,,,
594,Accepted,,,,,
595,Accepted,,,,,
596,Accepted,,,,,
597,Accepted,,,,,
598,Accepted,,,,,
599,Accepted,,,,,
600,Accepted,,,,,
601,Accepted,,,,,
602,Accepted,,,,,
603,Accepted,,,,,
604,Accepted,,,,,
605,Accepted,,,,,
606,Accepted,,,,,
607,Accepted,,,,,
608,Accepted,,,,,
609,Accepted,,,,,
610,Accepted,,,,,
611,Accepted,,,,,
612,Accepted,,,,,
613,Accepted,,,,,
614,Accepted,,,,,
615,Accepted,,,,,
616,Accepted,,,,,
617,Accepted,,,,,
618,Accepted,,,,,
619,Accepted,,,,,
620,Accepted,,,,,
621,Accepted,,,,,
622,Accepted,,,,,
623,Accepted,,,,,
624,Accepted,,,,,
625,Accepted,,,,,
626,Accepted,,,,,
627,Accepted,,,,,
628,Accepted,,,,,
629,Accepted,,,,,
630,Accepted,,,,,
631,Accepted,,,,,
632,Accepted,,,,,
633,Accepted,,,,,
634,Accepted,,,,,
635,Accepted,,,,,
636,Accepted,,,,,
637,Accepted,,,,,
638,Accepted,,,,,
639,Accepted,,,,,
640,Accepted,,,,,
641,Accepted,,,,,
642,Accepted,,,,,
643,Accepted,,,,,
644,Accepted,,,,,
645,Accepted,,,,,
646,Accepted,,,,,
647,Accepted,,,,,
648,Accepted,,,,,
649,Accepted,,,,,
650,Accepted,,,,,
651,Accepted,,,,,
652,Accepted,,,,,
653,Accepted,,,,,
654,Accepted,,,,,
655,Accepted,,,,,
656,Accepted,,,,,
657,Accepted,,,,,
658,Accepted,,,,,
659,Accepted,,,,,
660,Accepted,,,,,
661,Accepted,,,,,
662,Accepted,,,,,
663,Accepted,,,,,
664,Accepted,,,,,
665,Accepted,,,,,
666,Accepted,,,,,
667,Accepted,,,,,
668,Accepted,,,,,
669,Accepted,,,,,
670,Accepted,,,,,
671,Accepted,,,,,
672,Accepted,,,,,
673,Accepted,,,,,
674,Accepted,,,,,
675,Accepted,,,,,
676,Accepted,,,,,
677,Accepted,,,,,
678,Accepted,,,,,
679,Accepted,,,,,
680,Accepted,,,,,
681,Accepted,,,,,
682,Accepted,,,,,
683,Accepted,,,,,
684,Accepted,,,,,
685,Accepted,,,,,
686,Accepted,,,,,
687,Accepted,,,,,
688,Accepted,,,,,
689,Accepted,,,,,
690,Accepted,,,,,
691,Accepted,,,,,
692,Accepted,,,,,
693,Accepted,,,,,
694,Accepted,,,,,
695,Accepted,,,,,
696,Accepted,,,,,
697,Accepted,,,,,
698,Accepted,,,,,
699,Accepted,,,,,
700,Accepted,,,,,
701,Accepted,,,,,
702,Accepted,,,,,
703,Accepted,,,,,
704,Accepted,,,,,
705,Accepted,,,,,
706,Accepted,,,,,
707,Accepted,,,,,
708,Accepted,,,,,
709,Accepted,,,,,
710,Accepted,,,,,
711,Accepted,,,,,
712,Accepted,,,,,
713,Accepted,,,,,
714,Accepted,,,,,
715,Accepted,,,,,
716,Accepted,,,,,
717,Accepted,,,,,
718,Accepted,,,,,
719,Accepted,,,,,
720,Accepted,,,,,
721,Accepted,,,,,
722,Accepted,,,,,
723,Accepted,,,,,
724,Accepted,,,,,
725,Accepted,,,,,
726,Accepted,,,,,
727,Accepted,,,,,
728,Accepted,,,,,
729,Accepted,,,,,
730,Accepted,,,,,
731,Accepted,,,,,
732,Accepted,,,,,
733,Accepted,,,,,
734,Accepted,,,,,
735,Accepted,,,,,
736,Accepted,,,,,
737,Accepted,,,,,
738,Accepted,,,,,
739,Accepted,,,,,
740,Accepted,,,,,
741,Accepted,,,,,
742,Accepted,,,,,
743,Accepted,,,,,
744,Accepted,,,,,
745,Accepted,,,,,
746,Accepted,,,,,
747,Accepted,,,,,
748,Accepted,,,,,
749,Accepted,,,,,
750,Accepted,,,,,
751,Accepted,,,,,
752,Accepted,,,,,
753,Accepted,,,,,
754,Accepted,,,,,
755,Accepted,,,,,
756,Accepted,,,,,
757,Accepted,,,,,
758,Accepted,,,,,
759,Accepted,,,,,
760,Accepted,,,,,
761,Accepted,,,,,
762,Accepted,,,,,
763,Accepted,,,,,
764,Accepted,,,,,
765,Accepted,,,,,
766,Accepted,,,,,
767,Accepted,,,,,
768,Accepted,,,,,
769,Accepted,,,,,
770,Accepted,,,,,
771,Accepted,,,,,
772,Accepted,,,,,
773,Accepted,,,,,
774,Accepted,,,,,
775,Accepted,,,,,
776,Accepted,,,,,
777,Accepted,,,,,
778,Accepted,,,,,
779,Accepted,,,,,
780,Accepted,,,,,
781,Accepted,,,,,
782,Accepted,,,,,
783,Accepted,,,,,
784,Accepted,,,,,
785,Accepted,,,,,
786,Accepted,,,,,
787,Accepted,,,,,
788,Accepted,,,,,
789,Accepted,,,,,
790,Accepted,,,,,
791,Accepted,,,,,
792,Accepted,,,,,
793,Accepted,,,,,
794,Accepted,,,,,
795,Accepted,,,,,
796,Accepted,,,,,
797,Accepted,,,,,
798,Accepted,,,,,
799,Accepted,,,,,
800,Accepted,,,,,
801,Accepted,,,,,
802,Accepted,,,,,
803,Accepted,,,,,
804,Accepted,,,,,
805,Accepted,,,,,
806,Accepted,,,,,
807,Accepted,,,,,
808,Accepted,,,,,
809,Accepted,,,,,
810,Accepted,,,,,
811,Accepted,,,,,
812,Accepted,,,,,
813,Accepted,,,,,
814,Accepted,,,,,
815,Accepted,,,,,
816,Accepted,,,,,
817,Accepted,,,,,
818,Accepted,,,,,
819,Accepted,,,,,
820,Accepted,,,,,
821,Accepted,,,,,
822,Accepted,,,,,
823,Accepted,,,,,
824,Accepted,,,,,
825,Accepted,,,,,
826,Accepted,,,,,
827,Accepted,,,,,
828,Accepted,,,,,
829,Accepted,,,,,
830,Accepted,,,,,
831,Accepted,,,,,
832,Accepted,,,,,
833,Accepted,,,,,
834,Accepted,,,,,
835,Accepted,,,,,
836,Accepted,,,,,
837,Accepted,,,,,
838,Accepted,,,,,
839,Accepted,,,,,
840,Accepted,,,,,
841,Accepted,,,,,
842,Accepted,,,,,
843,Accepted,,,,,
844,Accepted,,,,,
845,Accepted,,,,,
846,Accepted,,,,,
847,Accepted,,,,,
848,Accepted,,,,,
849,Accepted,,,,,
850,Accepted,,,,,
851,Accepted,,,,,
852,Accepted,,,,,
853,Accepted,,,,,
854,Accepted,,,,,
855,Accepted,,,,,
856,Accepted,,,,,
857,Accepted,,,,,
858,Accepted,,,,,
859,Accepted,,,,,
860,Accepted,,,,,
861,Accepted,,,,,
862,Accepted,,,,,
863,Accepted,,,,,
864,Accepted,,,,,
865,Accepted,,,,,
866,Accepted,,,,,
867,Accepted,,,,,
868,Accepted,,,,,
869,Accepted,,,,,
870,Accepted,,,,,
871,Accepted,,,,,
872,Accepted,,,,,
873,Accepted,,,,,
874,Accepted,,,,,
875,Accepted,,,,,
876,Accepted,,,,,
877,Accepted,,,,,
878,Accepted,,,,,
879,Accepted,,,,,
880,Accepted,,,,,
881,Accepted,,,,,
882,Accepted,,,,,
883,Accepted,,,,,
884,Accepted,,,,,
885,Accepted,,,,,
886,Accepted,,,,,
887,Accepted,,,,,
888,Accepted,,,,,
889,Accepted,,,,,
890,Accepted,,,,,
891,Accepted,,,,,
892,Accepted,,,,,
893,Accepted,,,,,
894,Accepted,,,,,
895,Accepted,,,,,
896,Accepted,,,,,
897,Accepted,,,,,
898,Accepted,,,,,
899,Accepted,,,,,
900,Accepted,,,,,
901,Accepted,,,,,
902,Accepted,,,,,
903,Accepted,,,,,
904,Accepted,,,,,
905,Accepted,,,,,
906,Accepted,,,,,
907,Accepted,,,,,
908,Accepted,,,,,
909,Accepted,,,,,
910,Accepted,,,,,
911,Accepted,,,,,
912,Accepted,,,,,
913,Accepted,,,,,
914,Accepted,,,,,
915,Accepted,,,,,
916,Accepted,,,,,
917,Accepted,,,,,
918,Accepted,,,,,
919,Accepted,,,,,
920,Accepted,,,,,
921,Accepted,,,,,
922,Accepted,,,,,
923,Accepted,,,,,
924,Accepted,,,,,
925,Accepted,,,,,
926,Accepted,,,,,
927,Accepted,,,,,
928,Accepted,,,,,
929,Accepted,,,,,
930,Accepted,,,,,
931,Accepted,,,,,
932,Accepted,,,,,
933,Accepted,,,,,
934,Accepted,,,,,
935,Accepted,,,,,
936,Accepted,,,,,
937,Accepted,,,,,
938,Accepted,,,,,
939,Accepted,,,,,
940,Accepted,,,,,
941,Accepted,,,,,
942,Accepted,,,,,
943,Accepted,,,,,
944,Accepted,,,,,
945,Accepted,,,,,
946,Accepted,,,,,
947,Accepted,,,,,
948,Accepted,,,,,
949,Accepted,,,,,
950,Accepted,,,,,
951,Accepted,,,,,
952,Accepted,,,,,
953,Accepted,,,,,
954,Accepted,,,,,
955,Accepted,,,,,
956,Accepted,,,,,
957,Accepted,,,,,
958,Accepted,,,,,
959,Accepted,,,,,
960,Accepted,,,,,
961,Accepted,,,,,
962,Accepted,,,,,
963,Accepted,,,,,
964,Accepted,,,,,
965,Accepted,,,,,
966,Accepted,,,,,
967,Accepted,,,,,
968,Accepted,,,,,
969,Accepted,,,,,
970,Accepted,,,,,
971,Accepted,,,,,
972,Accepted,,,,,
973,Accepted,,,,,
974,Accepted,,,,,
975,Accepted,,,,,
976,Accepted,,,,,
977,Accepted,,,,,
978,Accepted,,,,,
979,Accepted,,,,,
980,Accepted,,,,,
981,Accepted,,,,,
982,Accepted,,,,,
983,Accepted,,,,,
984,Accepted,,,,,
985,Accepted,,,,,
986,Accepted,,,,,
987,Accepted,,,,,
988,Accepted,,,,,
989,Accepted,,,,,
990,Accepted,,,,,
991,Accepted,,,,,
992,Accepted,,,,,
993,Accepted,,,,,
994,Accepted,,,,,
995,Accepted,,,,,
996,Accepted,,,,,
997,Accepted,,,,,
998,Accepted,,,,,
999,Accepted,,,,,
1000,Accepted,,,,,
1001,Accepted,,,,,
1002,Accepted,,,,,
1003,Accepted,,,,,
1004,Accepted,,,,,
1005,Accepted,,,,,
1006,Accepted,,,,,
1007,Accepted,,,,,
1008,Accepted,,,,,
1009,Accepted,,,,,
1010,Accepted,,,,,
1011,Accepted,,,,,
1012,Accepted,,,,,
1013,Accepted,,,,,
1014,Accepted,,,,,
1015,Accepted,,,,,
1016,Accepted,,,,,
1017,Accepted,,,,,
1018,Accepted,,,,,
1019,Accepted,,,,,
1020,Accepted,,,,,
1021,Accepted,,,,,
1022,Accepted,,,,,
1023,Accepted,,,,,
1024,Accepted,,,,,
1025,Accepted,,,,,
1026,Accepted,,,,,
1027,Accepted,,,,,
1028,Accepted,,,,,
1029,Accepted,,,,,
1030,Accepted,,,,,
1031,Accepted,,,,,
1032,Accepted,,,,,
1033,Accepted,,,,,
1034,Accepted,,,,,
1035,Accepted,,,,,
1036,Accepted,,,,,
1037,Accepted,,,,,
1038,Accepted,,,,,
1039,Accepted,,,,,
1040,Accepted,,,,,
1041,Accepted,,,,,
1042,Accepted,,,,,
1043,Accepted,,,,,
1044,Accepted,,,,,
1045,Accepted,,,,,
1046,Accepted,,,,,
1047,Accepted,,,,,
1048,Accepted,,,,,
1049,Accepted,,,,,
1050,Accepted,,,,,
1051,Accepted,,,,,
1052,Accepted,,,,,
1053,Accepted,,,,,
1054,Accepted,,,,,
1055,Accepted,,,,,
1056,Accepted,,,,,
1057,Accepted,,,,,
1058,Accepted,,,,,
1059,Accepted,,,,,
1060,Accepted,,,,,
1061,Accepted,,,,,
1062,Accepted,,,,,
1063,Accepted,,,,,
1064,Accepted,,,,,
1065,Accepted,,,,,
1066,Accepted,,,,,
1067,Accepted,,,,,
1068,Accepted,,,,,
1069,Accepted,,,,,
1070,Accepted,,,,,
1071,Accepted,,,,,
1072,Accepted,,,,,
1073,Accepted,,,,,
1074,Accepted,,,,,
1075,Accepted,,,,,
1076,Accepted,,,,,
1077,Accepted,,,,,
1078,Accepted,,,,,
1079,Accepted,,,,,
1080,Accepted,,,,,
1081,Accepted,,,,,
1082,Accepted,,,,,
1083,Accepted,,,,,
1084,Accepted,,,,,
1085,Accepted,,,,,
1086,Accepted,,,,,
1087,Accepted,,,,,
1088,Accepted,,,,,
1089,Accepted,,,,,
1090,Accepted,,,,,
1091,Accepted,,,,,
1092,Accepted,,,,,
1093,Accepted,,,,,
1094,Accepted,,,,,
1095,Accepted,,,,,
1096,Accepted,,,,,
1097,Accepted,,,,,
1098,Accepted,,,,,
1099,Accepted,,,,,
1100,Accepted,,,,,
1101,Accepted,,,,,
1102,Accepted,,,,,
1103,Accepted,,,,,
1104,Accepted,,,,,
1105,Accepted,,,,,
1106,Accepted,,,,,
1107,Accepted,,,,,
1108,Accepted,,,,,
1109,Accepted,,,,,
1110,Accepted,,,,,
1111,Accepted,,,,,
1112,Accepted,,,,,
1113,Accepted,,,,,
1114,Accepted,,,,,
1115,Accepted,,,,,
1116,Accepted,,,,,
1117,Accepted,,,,,
1118,Accepted,,,,,
1119,Accepted,,,,,
1120,Accepted,,,,,
1121,Accepted,,,,,
1122,Accepted,,,,,
1123,Accepted,,,,,
1124,Accepted,,,,,
1125,Accepted,,,,,
1126,Accepted,,,,,
1127,Accepted,,,,,
1128,Accepted,,,,,
1129,Accepted,,,,,
1130,Accepted,,,,,
1131,Accepted,,,,,
1132,Accepted,,,,,
1133,Accepted,,,,,
1134,Accepted,,,,,
1135,Accepted,,,,,
1136,Accepted,,,,,
1137,Accepted,,,,,
1138,Accepted,,,,,
1139,Accepted,,,,,
1140,Accepted,,,,,
1141,Accepted,,,,,
1142,Accepted,,,,,
1143,Accepted,,,,,
1144,Accepted,,,,,
1145,Accepted,,,,,
1146,Accepted,,,,,
1147,Accepted,,,,,
1148,Accepted,,,,,
1149,Accepted,,,,,
1150,Accepted,,,,,
1151,Accepted,,,,,
1152,Accepted,,,,,
1153,Accepted,,,,,
1154,Accepted,,,,,
1155,Accepted,,,,,
1156,Accepted,,,,,
1157,Accepted,,,,,
1158,Accepted,,,,,
1159,Accepted,,,,,
1160,Accepted,,,,,
1161,Accepted,,,,,
1162,Accepted,,,,,
1163,Accepted,,,,,
1164,Accepted,,,,,
1165,Accepted,,,,,
1166,Accepted,,,,,
1167,Accepted,,,,,
1168,Accepted,,,,,
1169,Accepted,,,,,
1170,Accepted,,,,,
1171,Accepted,,,,,
1172,Accepted,,,,,
1173,Accepted,,,,,
1174,Accepted,,,,,
1175,Accepted,,,,,
1176,Accepted,,,,,
1177,Accepted,,,,,
1178,Accepted,,,,,
1179,Accepted,,,,,
1180,Accepted,,,,,
1181,Accepted,,,,,
1182,Accepted,,,,,
1183,Accepted,,,,,
1184,Accepted,,,,,
1185,Accepted,,,,,
1186,Accepted,,,,,
1187,Accepted,,,,,
1188,Accepted,,,,,
1189,Accepted,,,,,
1190,Accepted,,,,,
1191,Accepted,,,,,
1192,Accepted,,,,,
1193,Accepted,,,,,
1194,Accepted,,,,,
1195,Accepted,,,,,
1196,Accepted,,,,,
1197,Accepted,,,,,
1198,Accepted,,,,,
1199,Accepted,,,,,
1200,Accepted,,,,,
1201,Accepted,,,,,
1202,Accepted,,,,,
1203,Accepted,,,,,
1204,Accepted,,,,,
1205,Accepted,,,,,
1206,Accepted,,,,,
1207,Accepted,,,,,
1208,Accepted,,,,,
1209,Accepted,,,,,
1210,Accepted,,,,,
1211,Accepted,,,,,
1212,Accepted,,,,,
1213,Accepted,,,,,
1214,Accepted,,,,,
1215,Accepted,,,,,
1216,Accepted,,,,,
1217,Accepted,,,,,
1218,Accepted,,,,,
1219,Accepted,,,,,
1220,Accepted,,,,,
1221,Accepted,,,,,
1222,Accepted,,,,,
1223,Accepted,,,,,
1224,Accepted,,,,,
1225,Accepted,,,,,
1226,Accepted,,,,,
1227,Accepted,,,,,
1228,Accepted,,,,,
1229,Accepted,,,,,
1230,Accepted,,,,,
1231,Accepted,,,,,
1232,Accepted,,,,,
1233,Accepted,,,,,
1234,Accepted,,,,,
1235,Accepted,,,,,
1236,Accepted,,,,,
1237,Accepted,,,,,
1238,Accepted,,,,,
1239,Accepted,,,,,
1240,Accepted,,,,,
1241,Accepted,,,,,
1242,Accepted,,,,,
1243,Accepted,,,,,
1244,Accepted,,,,,
1245,Accepted,,,,,
1246,Accepted,,,,,
1247,Accepted,,,,,
1248,Accepted,,,,,
1249,Accepted,,,,,
1250,Accepted,,,,,
1251,Accepted,,,,,
1252,Accepted,,,,,
1253,Accepted,,,,,
1254,Accepted,,,,,
1255,Accepted,,,,,
1256,Accepted,,,,,
1257,Accepted,,,,,
1258,Accepted,,,,,
1259,Accepted,,,,,
1260,Accepted,,,,,
1261,Accepted,,,,,
1262,Accepted,,,,,
1263,Accepted,,,,,
1264,Accepted,,,,,
1265,Accepted,,,,,
1266,Accepted,,,,,
1267,Accepted,,,,,
1268,Accepted,,,,,
1269,Accepted,,,,,
1270,Accepted,,,,,
1271,Accepted,,,,,
1272,Accepted,,,,,
1273,Accepted,,,,,
1274,Accepted,,,,,
1275,Accepted,,,,,
1276,Accepted,,,,,
1277,Accepted,,,,,
1278,Accepted,,,,,
1279,Accepted,,,,,
1280,Accepted,,,,,
1281,Accepted,,,,,
1282,Accepted,,,,,
1283,Accepted,,,,,
1284,Accepted,,,,,
1285,Accepted,,,,,
1286,Accepted,,,,,
1287,Accepted,,,,,
1288,Accepted,,,,,
1289,Accepted,,,,,
1290,Accepted,,,,,
1291,Accepted,,,,,
1292,Accepted,,,,,
1293,Accepted,,,,,
1294,Accepted,,,,,
1295,Accepted,,,,,
1296,Accepted,,,,,
1297,Accepted,,,,,
1298,Accepted,,,,,
1299,Accepted,,,,,
1300,Accepted,,,,,
1301,Accepted,,,,,
1302,Accepted,,,,,
1303,Accepted,,,,,
1304,Accepted,,,,,
1305,Accepted,,,,,
1306,Accepted,,,,,
1307,Accepted,,,,,
1308,Accepted,,,,,
1309,Accepted,,,,,
1310,Accepted,,,,,
1311,Accepted,,,,,
1312,Accepted,,,,,
1313,Accepted,,,,,
1314,Accepted,,,,,
1315,Accepted,,,,,
1316,Accepted,,,,,
1317,Accepted,,,,,
1318,Accepted,,,,,
1319,Accepted,,,,,
1320,Accepted,,,,,
1321,Accepted,,,,,
1322,Accepted,,,,,
1323,Accepted,,,,,
1324,Accepted,,,,,
1325,Accepted,,,,,
1326,Accepted,,,,,
1327,Accepted,,,,,
1328,Accepted,,,,,
1329,Accepted,,,,,
1330,Accepted,,,,,
1331,Accepted,,,,,
1332,Accepted,,,,,
1333,Accepted,,,,,
1334,Accepted,,,,,
1335,Accepted,,,,,
1336,Accepted,,,,,
1337,Accepted,,,,,
1338,Accepted,,,,,
1339,Accepted,,,,,
1340,Accepted,,,,,
1341,Accepted,,,,,
1342,Accepted,,,,,
1343,Accepted,,,,,
1344,Accepted,,,,,
1345,Accepted,,,,,
1346,Accepted,,,,,
1347,Accepted,,,,,
1348,Accepted,,,,,
1349,Accepted,,,,,
1350,Accepted,,,,,
1351,Accepted,,,,,
1352,Accepted,,,,,
1353,Accepted,,,,,
1354,Accepted,,,,,
1355,Accepted,,,,,
1356,Accepted,,,,,
1357,Accepted,,,,,
1358,Accepted,,,,,
1359,Accepted,,,,,
1360,Accepted,,,,,
1361,Accepted,,,,,
1362,Accepted,,,,,
1363,Accepted,,,,,
1364,Accepted,,,,,
1365,Accepted,,,,,
1366,Accepted,,,,,
1367,Accepted,,,,,
1368,Accepted,,,,,
1369,Accepted,,,,,
1370,Accepted,,,,,
1371,Accepted,,,,,
1372,Accepted,,,,,
1373,Accepted,,,,,
1374,Accepted,,,,,
1375,Accepted,,,,,
1376,Accepted,,,,,
1377,Accepted,,,,,
1378,Accepted,,,,,
1379,Accepted,,,,,
1380,Accepted,,,,,
1381,Accepted,,,,,
1382,Accepted,,,,,
1383,Accepted,,,,,
1384,Accepted,,,,,
1385,Accepted,,,,,
1386,Accepted,,,,,
1387,Accepted,,,,,
1388,Accepted,,,,,
1389,Accepted,,,,,
1390,Accepted,,,,,
1391,Accepted,,,,,
1392,Accepted,,,,,
1393,Accepted,,,,,
1394,Accepted,,,,,
1395,Accepted,,,,,
1396,Accepted,,,,,
1397,Accepted,,,,,
1398,Accepted,,,,,
1399,Accepted,,,,,
1400,Accepted,,,,,
1401,Accepted,,,,,
1402,Accepted,,,,,
1403,Accepted,,,,,
1404,Accepted,,,,,
1405,Accepted,,,,,
1406,Accepted,,,,,
1407,Accepted,,,,,
1408,Accepted,,,,,
1409,Accepted,,,,,
1410,Accepted,,,,,
1411,Accepted,,,,,
1412,Accepted,,,,,
1413,Accepted,,,,,
1414,Accepted,,,,,
1415,Accepted,,,,,
1416,Accepted,,,,,
1417,Accepted,,,,,
1418,Accepted,,,,,
1419,Accepted,,,,,
1420,Accepted,,,,,
1421,Accepted,,,,,
1422,Accepted,,,,,
1423,Accepted,,,,,
1424,Accepted,,,,,
1425,Accepted,,,,,
1426,Accepted,,,,,
1427,Accepted,,,,,
1428,Accepted,,,,,
1429,Accepted,,,,,
1430,Accepted,,,,,
1431,Accepted,,,,,
1432,Accepted,,,,,
1433,Accepted,,,,,
1434,Accepted,,,,,
1435,Accepted,,,,,
1436,Accepted,,,,,
1437,Accepted,,,,,
1438,Accepted,,,,,
1439,Accepted,,,,,
1440,Accepted,,,,,
1441,Accepted,,,,,
1442,Accepted,,,,,
1443,Accepted,,,,,
1444,Accepted,,,,,
1445,Accepted,,,,,
1446,Accepted,,,,,
1447,Accepted,,,,,
1448,Accepted,,,,,
1449,Accepted,,,,,
1450,Accepted,,,,,
1451,Accepted,,,,,
1452,Accepted,,,,,
1453,Accepted,,,,,
1454,Accepted,,,,,
1455,Accepted,,,,,
1456,Accepted,,,,,
1457,Accepted,,,,,
1458,Accepted,,,,,
1459,Accepted,,,,,
1460,Accepted,,,,,
1461,Accepted,,,,,
1462,Accepted,,,,,
1463,Accepted,,,,,
1464,Accepted,,,,,
1465,Accepted,,,,,
1466,Accepted,,,,,
1467,Accepted,,,,,
1468,Accepted,,,,,
1469,Accepted,,,,,
1470,Accepted,,,,,
1471,Accepted,,,,,
1472,Accepted,,,,,
1473,Accepted,,,,,
1474,Accepted,,,,,
1475,Accepted,,,,,
1476,Accepted,,,,,
1477,Accepted,,,,,
1478,Accepted,,,,,
1479,Accepted,,,,,
1480,Accepted,,,,,
1481,Accepted,,,,,
1482,Accepted,,,,,
1483,Accepted,,,,,
1484,Accepted,,,,,
1485,Accepted,,,,,
1486,Accepted,,,,,
1487,Accepted,,,,,
1488,Accepted,,,,,
1489,Accepted,,,,,
1490,Accepted,,,,,
1491,Accepted,,,,,
1492,Accepted,,,,,
1493,Accepted,,,,,
1494,Accepted,,,,,
1495,Accepted,,,,,
1496,Accepted,,,,,
1497,Accepted,,,,,
1498,Accepted,,,,,
1499,Accepted,,,,,
1500,Accepted,,,,,
1501,Accepted,,,,,
1502,Accepted,,,,,
1503,Accepted,,,,,
1504,Accepted,,,,,
1505,Accepted,,,,,
1506,Accepted,,,,,
1507,Accepted,,,,,
1508,Accepted,,,,,
1509,Accepted,,,,,
1510,Accepted,,,,,
1511,Accepted,,,,,
1512,Accepted,,,,,
1513,Accepted,,,,,
1514,Accepted,,,,,
1515,Accepted,,,,,
1516,Accepted,,,,,
1517,Accepted,,,,,
1518,Accepted,,,,,
1519,Accepted,,,,,
1520,Accepted,,,,,
1521,Accepted,,,,,
1522,Accepted,,,,,
1523,Accepted,,,,,
1524,Accepted,,,,,
1525,Accepted,,,,,
1526,Accepted,,,,,
1527,Accepted,,,,,
1528,Accepted,,,,,
1529,Accepted,,,,,
1530,Accepted,,,,,
1531,Accepted,,,,,
1532,Accepted,,,,,
1533,Accepted,,,,,
1534,Accepted,,,,,
1535,Accepted,,,,,
1536,Accepted,,,,,
1537,Accepted,,,,,
1538,Accepted,,,,,
1539,Accepted,,,,,
1540,Accepted,,,,,
1541,Accepted,,,,,
1542,Accepted,,,,,
1543,Accepted,,,,,
1544,Accepted,,,,,
1545,Accepted,,,,,
1546,Accepted,,,,,
1547,Accepted,,,,,
1548,Accepted,,,,,
1549,Accepted,,,,,
1550,Accepted,,,,,
1551,Accepted,,,,,
1552,Accepted,,,,,
1553,Accepted,,,,,
1554,Accepted,,,,,
1555,Accepted,,,,,
1556,Accepted,,,,,
1557,Accepted,,,,,
1558,Accepted,,,,,
1559,Accepted,,,,,
1560,Accepted,,,,,
1561,Accepted,,,,,
1562,Accepted,,,,,
1563,Accepted,,,,,
1564,Accepted,,,,,
1565,Accepted,,,,,
1566,Accepted,,,,,
1567,Accepted,,,,,
1568,Accepted,,,,,
1569,Accepted,,,,,
1570,Accepted,,,,,
1571,Accepted,,,,,
1572,Accepted,,,,,
1573,Accepted,,,,,
1574,Accepted,,,,,
1575,Accepted,,,,,
1576,Accepted,,,,,
1577,Accepted,,,,,
1578,Accepted,,,,,
1579,Accepted,,,,,
1580,Accepted,,,,,
1581,Accepted,,,,,
1582,Accepted,,,,,
1583,Accepted,,,,,
1584,Accepted,,,,,
1585,Accepted,,,,,
1586,Accepted,,,,,
1587,Accepted,,,,,
1588,Accepted,,,,,
1589,Accepted,,,,,
1590,Accepted,,,,,
1591,Accepted,,,,,
1592,Accepted,,,,,
1593,Accepted,,,,,
1594,Accepted,,,,,
1595,Accepted,,,,,
1596,Accepted,,,,,
1597,Accepted,,,,,
1598,Accepted,,,,,
1599,Accepted,,,,,
1600,Accepted,,,,,
1601,Accepted,,,,,
1602,Accepted,,,,,
1603,Accepted,,,,,
1604,Accepted,,,,,
1605,Accepted,,,,,
1606,Accepted,,,,,
1607,Accepted,,,,,
1608,Accepted,,,,,
1609,Accepted,,,,,
1610,Accepted,,,,,
1611,Accepted,,,,,
1612,Accepted,,,,,
1613,Accepted,,,,,
1614,Accepted,,,,,
1615,Accepted,,,,,
1616,Accepted,,,,,
1617,Accepted,,,,,
1618,Accepted,,,,,
1619,Accepted,,,,,
1620,Accepted,,,,,
1621,Accepted,,,,,
1622,Accepted,,,,,
1623,Accepted,,,,,
1624,Accepted,,,,,
1625,Accepted,,,,,
1626,Accepted,,,,,
1627,Accepted,,,,,
1628,Accepted,,,,,
1629,Accepted,,,,,
1630,Accepted,,,,,
1631,Accepted,,,,,
1632,Accepted,,,,,
1633,Accepted,,,,,
1634,Accepted,,,,,
1635,Accepted,,,,,
1636,Accepted,,,,,
1637,Accepted,,,,,
1638,Accepted,,,,,
1639,Accepted,,,,,
1640,Accepted,,,,,
1641,Accepted,,,,,
1642,Accepted,,,,,
1643,Accepted,,,,,
1644,Accepted,,,,,
1645,Accepted,,,,,
1646,Accepted,,,,,
1647,Accepted,,,,,
1648,Accepted,,,,,
1649,Accepted,,,,,
1650,Accepted,,,,,
1651,Accepted,,,,,
1652,Accepted,,,,,
1653,Accepted,,,,,
1654,Accepted,,,,,
1655,Accepted,,,,,
1656,Accepted,,,,,
1657,Accepted,,,,,
1658,Accepted,,,,,
1659,Accepted,,,,,
1660,Accepted,,,,,
1661,Accepted,,,,,
1662,Accepted,,,,,
1663,Accepted,,,,,
1664,Accepted,,,,,
1665,Accepted,,,,,
1666,Accepted,,,,,
1667,Accepted,,,,,
1668,Accepted,,,,,
1669,Accepted,,,,,
1670,Accepted,,,,,
1671,Accepted,,,,,
1672,Accepted,,,,,
1673,Accepted,,,,,
1674,Accepted,,,,,
1675,Accepted,,,,,
1676,Accepted,,,,,
1677,Accepted,,,,,
1678,Accepted,,,,,
1679,Accepted,,,,,
1680,Accepted,,,,,
1681,Accepted,,,,,
1682,Accepted,,,,,
1683,Accepted,,,,,
1684,Accepted,,,,,
1685,Accepted,,,,,
1686,Accepted,,,,,
1687,Accepted,,,,,
1688,Accepted,,,,,
1689,Accepted,,,,,
1690,Accepted,,,,,
1691,Accepted,,,,,
1692,Accepted,,,,,
1693,Accepted,,,,,
1694,Accepted,,,,,
1695,Accepted,,,,,
1696,Accepted,,,,,
1697,Accepted,,,,,
1698,Accepted,,,,,
1699,Accepted,,,,,
1700,Accepted,,,,,
1701,Accepted,,,,,
1702,Accepted,,,,,
1703,Accepted,,,,,
1704,Accepted,,,,,
1705,Accepted,,,,,
1706,Accepted,,,,,
1707,Accepted,,,,,
1708,Accepted,,,,,
1709,Accepted,,,,,
1710,Accepted,,,,,
1711,Accepted,,,,,
1712,Accepted,,,,,
1713,Accepted,,,,,
1714,Accepted,,,,,
1715,Accepted,,,,,
1716,Accepted,,,,,
1717,Accepted,,,,,
1718,Accepted,,,,,
1719,Accepted,,,,,
1720,Accepted,,,,,
1721,Accepted,,,,,
1722,Accepted,,,,,
1723,Accepted,,,,,
1724,Accepted,,,,,
1725,Accepted,,,,,
1726,Accepted,,,,,
1727,Accepted,,,,,
1728,Accepted,,,,,
1729,Accepted,,,,,
1730,Accepted,,,,,
1731,Accepted,,,,,
1732,Accepted,,,,,
1733,Accepted,,,,,
1734,Accepted,,,,,
1735,Accepted,,,,,
1736,Accepted,,,,,
1737,Accepted,,,,,
1738,Accepted,,,,,
1739,Accepted,,,,,
1740,Accepted,,,,,
1741,Accepted,,,,,
1742,Accepted,,,,,
1743,Accepted,,,,,
1744,Accepted,,,,,
1745,Accepted,,,,,
1746,Accepted,,,,,
1747,Accepted,,,,,
1748,Accepted,,,,,
1749,Accepted,,,,,
1750,Accepted,,,,,
1751,Accepted,,,,,
1752,Accepted,,,,,
1753,Accepted,,,,,
1754,Accepted,,,,,
1755,Accepted,,,,,
1756,Accepted,,,,,
1757,Accepted,,,,,
1758,Accepted,,,,,
1759,Accepted,,,,,
1760,Accepted,,,,,
1761,Accepted,,,,,
1762,Accepted,,,,,
1763,Accepted,,,,,
1764,Accepted,,,,,
1765,Accepted,,,,,
1766,Accepted,,,,,
1767,Accepted,,,,,
1768,Accepted,,,,,
1769,Accepted,,,,,
1770,Accepted,,,,,
1771,Accepted,,,,,
1772,Accepted,,,,,
1773,Accepted,,,,,
1774,Accepted,,,,,
1775,Accepted,,,,,
1776,Accepted,,,,,
1777,Accepted,,,,,
1778,Accepted,,,,,
1779,Accepted,,,,,
1780,Accepted,,,,,
1781,Accepted,,,,,
1782,Accepted,,,,,
1783,Accepted,,,,,
1784,Accepted,,,,,
1785,Accepted,,,,,
1786,Accepted,,,,,
1787,Accepted,,,,,
1788,Accepted,,,,,
1789,Accepted,,,,,
1790,Accepted,,,,,
1791,Accepted,,,,,
1792,Accepted,,,,,
1793,Accepted,,,,,
1794,Accepted,,,,,
1795,Accepted,,,,,
1796,Accepted,,,,,
1797,Accepted,,,,,
1798,Accepted,,,,,
1799,Accepted,,,,,
1800,Accepted,,,,,
1801,Accepted,,,,,
1802,Accepted,,,,,
1803,Accepted,,,,,
1804,Accepted,,,,,
1805,Accepted,,,,,
1806,Accepted,,,,,
1807,Accepted,,,,,
1808,Accepted,,,,,
1809,Accepted,,,,,
1810,Accepted,,,,,
1811,Accepted,,,,,
1812,Accepted,,,,,
1813,Accepted,,,,,
1814,Accepted,,,,,
1815,Accepted,,,,,
1816,Accepted,,,,,
1817,Accepted,,,,,
1818,Accepted,,,,,
1819,Accepted,,,,,
1820,Accepted,,,,,
1821,Accepted,,,,,
1822,Accepted,,,,,
1823,Accepted,,,,,
1824,Accepted,,,,,
1825,Accepted,,,,,
1826,Accepted,,,,,
1827,Accepted,,,,,
1828,Accepted,,,,,
1829,Accepted,,,,,
1830,Accepted,,,,,
1831,Accepted,,,,,
1832,Accepted,,,,,
1833,Accepted,,,,,
1834,Accepted,,,,,
1835,Accepted,,,,,
1836,Accepted,,,,,
1837,Accepted,,,,,
1838,Accepted,,,,,
1839,Accepted,,,,,
1840,Accepted,,,,,
1841,Accepted,,,,,
1842,Accepted,,,,,
1843,Accepted,,,,,
1844,Accepted,,,,,
1845,Accepted,,,,,
1846,Accepted,,,,,
1847,Accepted,,,,,
1848,Accepted,,,,,
1849,Accepted,,,,,
1850,Accepted,,,,,
1851,Accepted,,,,,
1852,Accepted,,,,,
1853,Accepted,,,,,
1854,Accepted,,,,,
1855,Accepted,,,,,
1856,Accepted,,,,,
1857,Accepted,,,,,
1858,Accepted,,,,,
1859,Accepted,,,,,
1860,Accepted,,,,,
1861,Accepted,,,,,
1862,Accepted,,,,,
1863,Accepted,,,,,
1864,Accepted,,,,,
1865,Accepted,,,,,
1866,Accepted,,,,,
1867,Accepted,,,,,
1868,Accepted,,,,,
1869,Accepted,,,,,
1870,Accepted,,,,,
1871,Accepted,,,,,
1872,Accepted,,,,,
1873,Accepted,,,,,
1874,Accepted,,,,,
1875,Accepted,,,,,
1876,Accepted,,,,,
1877,Accepted,,,,,
1878,Accepted,,,,,
1879,Accepted,,,,,
1880,Accepted,,,,,
1881,Accepted,,,,,
1882,Accepted,,,,,
1883,Accepted,,,,,
1884,Accepted,,,,,
1885,Accepted,,,,,
1886,Accepted,,,,,
1887,Accepted,,,,,
1888,Accepted,,,,,
1889,Accepted,,,,,
1890,Accepted,,,,,
1891,Accepted,,,,,
1892,Accepted,,,,,
1893,Accepted,,,,,
1894,Accepted,,,,,
1895,Accepted,,,,,
1896,Accepted,,,,,
1897,Accepted,,,,,
1898,Accepted,,,,,
1899,Accepted,,,,,
1900,Accepted,,,,,
1901,Accepted,,,,,
1902,Accepted,,,,,
1903,Accepted,,,,,
1904,Accepted,,,,,
1905,Accepted,,,,,
1906,Accepted,,,,,
1907,Accepted,,,,,
1908,Accepted,,,,,
1909,Accepted,,,,,
1910,Accepted,,,,,
1911,Accepted,,,,,
1912,Accepted,,,,,
1913,Accepted,,,,,
1914,Accepted,,,,,
1915,Accepted,,,,,
1916,Accepted,,,,,
1917,Accepted,,,,,
1918,Accepted,,,,,
1919,Accepted,,,,,
1920,Accepted,,,,,
1921,Accepted,,,,,
1922,Accepted,,,,,
1923,Accepted,,,,,
1924,Accepted,,,,,
1925,Accepted,,,,,
1926,Accepted,,,,,
1927,Accepted,,,,,
1928,Accepted,,,,,
1929,Accepted,,,,,
1930,Accepted,,,,,
1931,Accepted,,,,,
1932,Accepted,,,,,
1933,Accepted,,,,,
1934,Accepted,,,,,
1935,Accepted,,,,,
1936,Accepted,,,,,
1937,Accepted,,,,,
1938,Accepted,,,,,
1939,Accepted,,,,,
1940,Accepted,,,,,
1941,Accepted,,,,,
1942,Accepted,,,,,
1943,Accepted,,,,,
1944,Accepted,,,,,
1945,Accepted,,,,,
1946,Accepted,,,,,
1947,Accepted,,,,,
1948,Accepted,,,,,
1949,Accepted,,,,,
1950,Accepted,,,,,
1951,Accepted,,,,,
1952,Accepted,,,,,
1953,Accepted,,,,,
1954,Accepted,,,,,
1955,Accepted,,,,,
1956,Accepted,,,,,
1957,Accepted,,,,,
1958,Accepted,,,,,
1959,Accepted,,,,,
1960,Accepted,,,,,
1961,Accepted,,,,,
1962,Accepted,,,,,
1963,Accepted,,,,,
1964,Accepted,,,,,
1965,Accepted,,,,,
1966,Accepted,,,,,
1967,Accepted,,,,,
1968,Accepted,,,,,
1969,Accepted,,,,,
1970,Accepted,,,,,
1971,Accepted,,,,,
1972,Accepted,,,,,
1973,Accepted,,,,,
1974,Accepted,,,,,
1975,Accepted,,,,,
1976,Accepted,,,,,
1977,Accepted,,,,,
1978,Accepted,,,,,
1979,Accepted,,,,,
1980,Accepted,,,,,
1981,Accepted,,,,,
1982,Accepted,,,,,
1983,Accepted,,,,,
1984,Accepted,,,,,
1985,Accepted,,,,,
1986,Accepted,,,,,
1987,Accepted,,,,,
1988,Accepted,,,,,
1989,Accepted,,,,,
1990,Accepted,,,,,
1991,Accepted,,,,,
1992,Accepted,,,,,
1993,Accepted,,,,,
1994,Accepted,,,,,
1995,Accepted,,,,,
1996,Accepted,,,,,
1997,Accepted,,,,,
1998,Accepted,,,,,
1999,Accepted,,,,,
2000,Accepted,,,,,
2001,Accepted,,,,,
2002,Accepted,,,,,
2003,Accepted,,,,,
2004,Accepted,,,,,
2005,Accepted,,,,,
2006,Accepted,,,,,
2007,Accepted,,,,,
2008,Accepted,,,,,
2009,Accepted,,,,,
2010,Accepted,,,,,
2011,Accepted,,,,,
2012,Accepted,,,,,
2013,Accepted,,,,,
2014,Accepted,,,,,
2015,Accepted,,,,,
2016,Accepted,,,,,
2017,Accepted,,,,,
2018,Accepted,,,,,
2019,Accepted,,,,,
2020,Accepted,,,,,
2021,Accepted,,,,,
2022,Accepted,,,,,
2023,Accepted,,,,,
2024,Accepted,,,,,
2025,Accepted,,,,,
2026,Accepted,,,,,
2027,Accepted,,,,,
2028,Accepted,,,,,
2029,Accepted,,,,,
2030,Accepted,,,,,
2031,Accepted,,,,,
2032,Accepted,,,,,
2033,Accepted,,,,,
2034,Accepted,,,,,
2035,Accepted,,,,,
2036,Accepted,,,,,
2037,Accepted,,,,,
2038,Accepted,,,,,
2039,Accepted,,,,,
2040,Accepted,,,,,
2041,Accepted,,,,,
2042,Accepted,,,,,
2043,Accepted,,,,,
2044,Accepted,,,,,
2045,Accepted,,,,,
2046,Accepted,,,,,
2047,Accepted,,,,,
2048,Accepted,,,,,
2049,Accepted,,,,,
2050,Accepted,,,,,
2051,Accepted,,,,,
2052,Accepted,,,,,
2053,Accepted,,,,,
2054,Accepted,,,,,
2055,Accepted,,,,,
2056,Accepted,,,,,
2057,Accepted,,,,,
2058,Accepted,,,,,
2059,Accepted,,,,,
2060,Accepted,,,,,
2061,Accepted,,,,,
2062,Accepted,,,,,
2063,Accepted,,,,,
2064,Accepted,,,,,
2065,Accepted,,,,,
2066,Accepted,,,,,
2067,Accepted,,,,,
2068,Accepted,,,,,
2069,Accepted,,,,,
2070,Accepted,,,,,
2071,Accepted,,,,,
2072,Accepted,,,,,
2073,Accepted,,,,,
2074,Accepted,,,,,
2075,Accepted,,,,,
2076,Accepted,,,,,
2077,Accepted,,,,,
2078,Accepted,,,,,
2079,Accepted,,,,,
2080,Accepted,,,,,
2081,Accepted,,,,,
2082,Accepted,,,,,
2083,Accepted,,,,,
2084,Accepted,,,,,
2085,Accepted,,,,,
2086,Accepted,,,,,
2087,Accepted,,,,,
2088,Accepted,,,,,
2089,Accepted,,,,,
2090,Accepted,,,,,
2091,Accepted,,,,,
2092,Accepted,,,,,
2093,Accepted,,,,,
2094,Accepted,,,,,
2095,Accepted,,,,,
2096,Accepted,,,,,
2097,Accepted,,,,,
2098,Accepted,,,,,
2099,Accepted,,,,,
2100,Accepted,,,,,
2101,Accepted,,,,,
2102,Accepted,,,,,
2103,Accepted,,,,,
2104,Accepted,,,,,
2105,Accepted,,,,,
2106,Accepted,,,,,
2107,Accepted,,,,,
2108,Accepted,,,,,
2109,Accepted,,,,,
2110,Accepted,,,,,
2111,Accepted,,,,,
2112,Accepted,,,,,
2113,Accepted,,,,,
2114,Accepted,,,,,
2115,Accepted,,,,,
2116,Accepted,,,,,
2117,Accepted,,,,,
2118,Accepted,,,,,
2119,Accepted,,,,,
2120,Accepted,,,,,
2121,Accepted,,,,,
2122,Accepted,,,,,
2123,Accepted,,,,,
2124,Accepted,,,,,
2125,Accepted,,,,,
2126,Accepted,,,,,
2127,Accepted,,,,,
2128,Accepted,,,,,
2129,Accepted,,,,,
2130,Accepted,,,,,
2131,Accepted,,,,,
2132,Accepted,,,,,
2133,Accepted,,,,,
2134,Accepted,,,,,
2135,Accepted,,,,,
2136,Accepted,,,,,
2137,Accepted,,,,,
2138,Accepted,,,,,
2139,Accepted,,,,,
2140,Accepted,,,,,
2141,Accepted,,,,,
2142,Accepted,,,,,
2143,Accepted,,,,,
2144,Accepted,,,,,
2145,Accepted,,,,,
2146,Accepted,,,,,
2147,Accepted,,,,,
2148,Accepted,,,,,
2149,Accepted,,,,,
2150,Accepted,,,,,
2151,Accepted,,,,,
2152,Accepted,,,,,
2153,Accepted,,,,,
2154,Accepted,,,,,
2155,Accepted,,,,,
2156,Accepted,,,,,
2157,Accepted,,,,,
2158,Accepted,,,,,
2159,Accepted,,,,,
2160,Accepted,,,,,
2161,Accepted,,,,,
2162,Accepted,,,,,
2163,Accepted,,,,,
2164,Accepted,,,,,
2165,Accepted,,,,,
2166,Accepted,,,,,
2167,Accepted,,,,,
2168,Accepted,,,,,
2169,Accepted,,,,,
2170,Accepted,,,,,
2171,Accepted,,,,,
2172,Accepted,,,,,
2173,Accepted,,,,,
2174,Accepted,,,,,
2175,Accepted,,,,,
2176,Accepted,,,,,
2177,Accepted,,,,,
2178,Accepted,,,,,
2179,Accepted,,,,,
2180,Accepted,,,,,
2181,Accepted,,,,,
2182,Accepted,,,,,
2183,Accepted,,,,,
2184,Accepted,,,,,
2185,Accepted,,,,,
2186,Accepted,,,,,
2187,Accepted,,,,,
2188,Accepted,,,,,
2189,Accepted,,,,,
2190,Accepted,,,,,
2191,Accepted,,,,,
2192,Accepted,,,,,
2193,Accepted,,,,,
2194,Accepted,,,,,
2195,Accepted,,,,,
2196,Accepted,,,,,
2197,Accepted,,,,,
2198,Accepted,,,,,
2199,Accepted,,,,,
2200,Accepted,,,,,
2201,Accepted,,,,,
2202,Accepted,,,,,
2203,Accepted,,,,,
2204,Accepted,,,,,
2205,Accepted,,,,,
2206,Accepted,,,,,
2207,Accepted,,,,,
2208,Accepted,,,,,
2209,Accepted,,,,,
2210,Accepted,,,,,
2211,Accepted,,,,,
2212,Accepted,,,,,
2213,Accepted,,,,,
2214,Accepted,,,,,
2215,Accepted,,,,,
2216,Accepted,,,,,
2217,Accepted,,,,,
2218,Accepted,,,,,
2219,Accepted,,,,,
2220,Accepted,,,,,
2221,Accepted,,,,,
2222,Accepted,,,,,
2223,Accepted,,,,,
2224,Accepted,,,,,
2225,Accepted,,,,,
2226,Accepted,,,,,
2227,Accepted,,,,,
2228,Accepted,,,,,
2229,Accepted,,,,,
2230,Accepted,,,,,
2231,Accepted,,,,,
2232,Accepted,,,,,
2233,Accepted,,,,,
2234,Accepted,,,,,
2235,Accepted,,,,,
2236,Accepted,,,,,
2237,Accepted,,,,,
2238,Accepted,,,,,
2239,Accepted,,,,,
2240,Accepted,,,,,
2241,Accepted,,,,,
2242,Accepted,,,,,
2243,Accepted,,,,,
2244,Accepted,,,,,
2245,Accepted,,,,,
2246,Accepted,,,,,
2247,Accepted,,,,,
2248,Accepted,,,,,
2249,Accepted,,,,,
2250,Accepted,,,,,
2251,Accepted,,,,,
2252,Accepted,,,,,
2253,Accepted,,,,,
2254,Accepted,,,,,
2255,Accepted,,,,,
2256,Accepted,,,,,
2257,Accepted,,,,,
2258,Accepted,,,,,
2259,Accepted,,,,,
2260,Accepted,,,,,
2261,Accepted,,,,,
2262,Accepted,,,,,
2263,Accepted,,,,,
2264,Accepted,,,,,
2265,Accepted,,,,,
2266,Accepted,,,,,
2267,Accepted,,,,,
2268,Accepted,,,,,
2269,Accepted,,,,,
2270,Accepted,,,,,
2271,Accepted,,,,,
2272,Accepted,,,,,
2273,Accepted,,,,,
2274,Accepted,,,,,
2275,Accepted,,,,,
2276,Accepted,,,,,
2277,Accepted,,,,,
2278,Accepted,,,,,
2279,Accepted,,,,,
2280,Accepted,,,,,
2281,Accepted,,,,,
2282,Accepted,,,,,
2283,Accepted,,,,,
2284,Accepted,,,,,
2285,Accepted,,,,,
2286,Accepted,,,,,
2287,Accepted,,,,,
2288,Accepted,,,,,
2289,Accepted,,,,,
2290,Accepted,,,,,
2291,Accepted,,,,,
2292,Accepted,,,,,
2293,Accepted,,,,,
2294,Accepted,,,,,
2295,Accepted,,,,,
2296,Accepted,,,,,
2297,Accepted,,,,,
2298,Accepted,,,,,
2299,Accepted,,,,,
2300,Accepted,,,,,
2301,Accepted,,,,,
2302,Accepted,,,,,
2303,Accepted,,,,,
2304,Accepted,,,,,
2305,Accepted,,,,,
2306,Accepted,,,,,
2307,Accepted,,,,,
2308,Accepted,,,,,
2309,Accepted,,,,,
2310,Accepted,,,,,
2311,Accepted,,,,,
2312,Accepted,,,,,
2313,Accepted,,,,,
2314,Accepted,,,,,
2315,Accepted,,,,,
2316,Accepted,,,,,
2317,Accepted,,,,,
2318,Accepted,,,,,
2319,Accepted,,,,,
2320,Accepted,,,,,
2321,Accepted,,,,,
2322,Accepted,,,,,
2323,Accepted,,,,,
2324,Accepted,,,,,
2325,Accepted,,,,,
2326,Accepted,,,,,
2327,Accepted,,,,,
2328,Accepted,,,,,
2329,Accepted,,,,,
2330,Accepted,,,,,
2331,Accepted,,,,,
2332,Accepted,,,,,
2333,Accepted,,,,,
2334,Accepted,,,,,
2335,Accepted,,,,,
2336,Accepted,,,,,
2337,Accepted,,,,,
2338,Accepted,,,,,
2339,Accepted,,,,,
2340,Accepted,,,,,
2341,Accepted,,,,,
2342,Accepted,,,,,
2343,Accepted,,,,,
2344,Accepted,,,,,
2345,Accepted,,,,,
2346,Accepted,,,,,
2347,Accepted,,,,,
2348,Accepted,,,,,
2349,Accepted,,,,,
2350,Accepted,,,,,
2351,Accepted,,,,,
2352,Accepted,,,,,
2353,Accepted,,,,,
2354,Accepted,,,,,
2355,Accepted,,,,,
2356,Accepted,,,,,
2357,Accepted,,,,,
2358,Accepted,,,,,
2359,Accepted,,,,,
2360,Accepted,,,,,
2361,Accepted,,,,,
2362,Accepted,,,,,
2363,Accepted,,,,,
2364,Accepted,,,,,
2365,Accepted,,,,,
2366,Accepted,,,,,
2367,Accepted,,,,,
2368,Accepted,,,,,
2369,Accepted,,,,,
2370,Accepted,,,,,
2371,Accepted,,,,,
2372,Accepted,,,,,
2373,Accepted,,,,,
2374,Accepted,,,,,
2375,Accepted,,,,,
2376,Accepted,,,,,
2377,Accepted,,,,,
2378,Accepted,,,,,
2379,Accepted,,,,,
2380,Accepted,,,,,
2381,Accepted,,,,,
2382,Accepted,,,,,
2383,Accepted,,,,,
2384,Accepted,,,,,
2385,Accepted,,,,,
2386,Accepted,,,,,
2387,Accepted,,,,,
2388,Accepted,,,,,
2389,Accepted,,,,,
2390,Accepted,,,,,
2391,Accepted,,,,,
2392,Accepted,,,,,
2393,Accepted,,,,,
2394,Accepted,,,,,
2395,Accepted,,,,,
2396,Accepted,,,,,
2397,Accepted,,,,,
2398,Accepted,,,,,
2399,Accepted,,,,,
2400,Accepted,,,,,
2401,Accepted,,,,,
2402,Accepted,,,,,
2403,Accepted,,,,,
2404,Accepted,,,,,
2405,Accepted,,,,,
2406,Accepted,,,,,
2407,Accepted,,,,,
2408,Accepted,,,,,
2409,Accepted,,,,,
2410,Accepted,,,,,
2411,Accepted,,,,,
2412,Accepted,,,,,
2413,Accepted,,,,,
2414,Accepted,,,,,
2415,Accepted,,,,,
2416,Accepted,,,,,
2417,Accepted,,,,,
2418,Accepted,,,,,
2419,Accepted,,,,,
2420,Accepted,,,,,
2421,Accepted,,,,,
2422,Accepted,,,,,
2423,Accepted,,,,,
2424,Accepted,,,,,
2425,Accepted,,,,,
2426,Accepted,,,,,
2427,Accepted,,,,,
2428,Accepted,,,,,
2429,Accepted,,,,,
2430,Accepted,,,,,
2431,Accepted,,,,,
2432,Accepted,,,,,
2433,Accepted,,,,,
2434,Accepted,,,,,
2435,Accepted,,,,,
2436,Accepted,,,,,
2437,Accepted,,,,,
2438,Accepted,,,,,
2439,Accepted,,,,,
2440,Accepted,,,,,
2441,Accepted,,,,,
2442,Accepted,,,,,
2443,Accepted,,,,,
2444,Accepted,,,,,
2445,Accepted,,,,,
2446,Accepted,,,,,
2447,Accepted,,,,,
2448,Accepted,,,,,
2449,Accepted,,,,,
2450,Accepted,,,,,
2451,Accepted,,,,,
2452,Accepted,,,,,
2453,Accepted,,,,,
2454,Accepted,,,,,
2455,Accepted,,,,,
2456,Accepted,,,,,
2457,Accepted,,,,,
2458,Accepted,,,,,
2459,Accepted,,,,,
2460,Accepted,,,,,
2461,Accepted,,,,,
2462,Accepted,,,,,
2463,Accepted,,,,,
2464,Accepted,,,,,
2465,Accepted,,,,,
2466,Accepted,,,,,
2467,Accepted,,,,,
2468,Accepted,,,,,
2469,Accepted,,,,,
2470,Accepted,,,,,
2471,Accepted,,,,,
2472,Accepted,,,,,
2473,Accepted,,,,,
2474,Accepted,,,,,
2475,Accepted,,,,,
2476,Accepted,,,,,
2477,Accepted,,,,,
2478,Accepted,,,,,
2479,Accepted,,,,,
2480,Accepted,,,,,
2481,Accepted,,,,,
2482,Accepted,,,,,
2483,Accepted,,,,,
2484,Accepted,,,,,
2485,Accepted,,,,,
2486,Accepted,,,,,
2487,Accepted,,,,,
2488,Accepted,,,,,
2489,Accepted,,,,,
2490,Accepted,,,,,
2491,Accepted,,,,,
2492,Accepted,,,,,
2493,Accepted,,,,,
2494,Accepted,,,,,
2495,Accepted,,,,,
2496,Accepted,,,,,
2497,Accepted,,,,,
2498,Accepted,,,,,
2499,Accepted,,,,,
2500,Accepted,,,,,
2501,Accepted,,,,,
2502,Accepted,,,,,
2503,Accepted,,,,,
2504,Accepted,,,,,
2505,Accepted,,,,,
2506,Accepted,,,,,
2507,Accepted,,,,,
2508,Accepted,,,,,
2509,Accepted,,,,,
2510,Accepted,,,,,
2511,Accepted,,,,,
2512,Accepted,,,,,
2513,Accepted,,,,,
2514,Accepted,,,,,
2515,Accepted,,,,,
2516,Accepted,,,,,
2517,Accepted,,,,,
2518,Accepted,,,,,
2519,Accepted,,,,,
2520,Accepted,,,,,
2521,Accepted,,,,,
2522,Accepted,,,,,
2523,Accepted,,,,,
2524,Accepted,,,,,
2525,Accepted,,,,,
2526,Accepted,,,,,
2527,Accepted,,,,,
2528,Accepted,,,,,
2529,Accepted,,,,,
2530,Accepted,,,,,
2531,Accepted,,,,,
2532,Accepted,,,,,
2533,Accepted,,,,,
2534,Accepted,,,,,
2535,Accepted,,,,,
2536,Accepted,,,,,
2537,Accepted,,,,,
2538,Accepted,,,,,
2539,Accepted,,,,,
2540,Accepted,,,,,
2541,Accepted,,,,,
2542,Accepted,,,,,
2543,Accepted,,,,,
2544,Accepted,,,,,
2545,Accepted,,,,,
2546,Accepted,,,,,
2547,Accepted,,,,,
2548,Accepted,,,,,
2549,Accepted,,,,,
2550,Accepted,,,,,
2551,Accepted,,,,,
2552,Accepted,,,,,
2553,Accepted,,,,,
2554,Accepted,,,,,
2555,Accepted,,,,,
2556,Accepted,,,,,
2557,Accepted,,,,,
2558,Accepted,,,,,
2559,Accepted,,,,,
2560,Accepted,,,,,
2561,Accepted,,,,,
2562,Accepted,,,,,
2563,Accepted,,,,,
2564,Accepted,,,,,
2565,Accepted,,,,,
2566,Accepted,,,,,
2567,Accepted,,,,,
2568,Accepted,,,,,
2569,Accepted,,,,,
2570,Accepted,,,,,
2571,Accepted,,,,,
2572,Accepted,,,,,
2573,Accepted,,,,,
2574,Accepted,,,,,
2575,Accepted,,,,,
2576,Accepted,,,,,
2577,Accepted,,,,,
2578,Accepted,,,,,
2579,Accepted,,,,,
2580,Accepted,,,,,
2581,Accepted,,,,,
2582,Accepted,,,,,
2583,Accepted,,,,,
2584,Accepted,,,,,
2585,Accepted,,,,,
2586,Accepted,,,,,
2587,Accepted,,,,,
2588,Accepted,,,,,
2589,Accepted,,,,,
2590,Accepted,,,,,
2591,Accepted,,,,,
2592,Accepted,,,,,
2593,Accepted,,,,,
2594,Accepted,,,,,
2595,Accepted,,,,,
2596,Accepted,,,,,
2597,Accepted,,,,,
2598,Accepted,,,,,
2599,Accepted,,,,,
2600,Accepted,,,,,
2601,Accepted,,,,,
2602,Accepted,,,,,
2603,Accepted,,,,,
2604,Accepted,,,,,
2605,Accepted,,,,,
2606,Accepted,,,,,
2607,Accepted,,,,,
2608,Accepted,,,,,
2609,Accepted,,,,,
2610,Accepted,,,,,
2611,Accepted,,,,,
2612,Accepted,,,,,
2613,Accepted,,,,,
2614,Accepted,,,,,
2615,Accepted,,,,,
2616,Accepted,,,,,
2617,Accepted,,,,,
2618,Accepted,,,,,
2619,Accepted,,,,,
2620,Accepted,,,,,
2621,Accepted,,,,,
2622,Accepted,,,,,
2623,Accepted,,,,,
2624,Accepted,,,,,
2625,Accepted,,,,,
2626,Accepted,,,,,
2627,Accepted,,,,,
2628,Accepted,,,,,
2629,Accepted,,,,,
2630,Accepted,,,,,
2631,Accepted,,,,,
2632,Accepted,,,,,
2633,Accepted,,,,,
2634,Accepted,,,,,
2635,Accepted,,,,,
2636,Accepted,,,,,
2637,Accepted,,,,,
2638,Accepted,,,,,
2639,Accepted,,,,,
2640,Accepted,,,,,
2641,Accepted,,,,,
2642,Accepted,,,,,
2643,Accepted,,,,,
2644,Accepted,,,,,
2645,Accepted,,,,,
2646,Accepted,,,,,
2647,Accepted,,,,,
2648,Accepted,,,,,
2649,Accepted,,,,,
2650,Accepted,,,,,
2651,Accepted,,,,,
2652,Accepted,,,,,
2653,Accepted,,,,,
2654,Accepted,,,,,
2655,Accepted,,,,,
2656,Accepted,,,,,
2657,Accepted,,,,,
2658,Accepted,,,,,
2659,Accepted,,,,,
2660,Accepted,,,,,
2661,Accepted,,,,,
2662,Accepted,,,,,
2663,Accepted,,,,,
2664,Accepted,,,,,
2665,Accepted,,,,,
2666,Accepted,,,,,
2667,Accepted,,,,,
2668,Accepted,,,,,
2669,Accepted,,,,,
2670,Accepted,,,,,
2671,Accepted,,,,,
2672,Accepted,,,,,
2673,Accepted,,,,,
2674,Accepted,,,,,
2675,Accepted,,,,,
2676,Accepted,,,,,
2677,Accepted,,,,,
2678,Accepted,,,,,
2679,Accepted,,,,,
2680,Accepted,,,,,
2681,Accepted,,,,,
2682,Accepted,,,,,
2683,Accepted,,,,,
2684,Accepted,,,,,
2685,Accepted,,,,,
2686,Accepted,,,,,
2687,Accepted,,,,,
2688,Accepted,,,,,
2689,Accepted,,,,,
2690,Accepted,,,,,
2691,Accepted,,,,,
2692,Accepted,,,,,
2693,Accepted,,,,,
2694,Accepted,,,,,
2695,Accepted,,,,,
2696,Accepted,,,,,
2697,Accepted,,,,,
2698,Accepted,,,,,
2699,Accepted,,,,,
2700,Accepted,,,,,
2701,Accepted,,,,,
2702,Accepted,,,,,
2703,Accepted,,,,,
2704,Accepted,,,,,
2705,Accepted,,,,,
2706,Accepted,,,,,
2707,Accepted,,,,,
2708,Accepted,,,,,
2709,Accepted,,,,,
2710,Accepted,,,,,
2711,Accepted,,,,,
2712,Accepted,,,,,
2713,Accepted,,,,,
2714,Accepted,,,,,
2715,Accepted,,,,,
2716,Accepted,,,,,
2717,Accepted,,,,,
2718,Accepted,,,,,
2719,Accepted,,,,,
2720,Accepted,,,,,
2721,Accepted,,,,,
2722,Accepted,,,,,
2723,Accepted,,,,,
2724,Accepted,,,,,
2725,Accepted,,,,,
2726,Accepted,,,,,
2727,Accepted,,,,,
2728,Accepted,,,,,
2729,Accepted,,,,,
2730,Accepted,,,,,
2731,Accepted,,,,,
2732,Accepted,,,,,
2733,Accepted,,,,,
2734,Accepted,,,,,
2735,Accepted,,,,,
2736,Accepted,,,,,
2737,Accepted,,,,,
2738,Accepted,,,,,
2739,Accepted,,,,,
2740,Accepted,,,,,
2741,Accepted,,,,,
2742,Accepted,,,,,
2743,Accepted,,,,,
2744,Accepted,,,,,
2745,Accepted,,,,,
2746,Accepted,,,,,
2747,Accepted,,,,,
2748,Accepted,,,,,
2749,Accepted,,,,,
2750,Accepted,,,,,
2751,Accepted,,,,,
2752,Accepted,,,,,
2753,Accepted,,,,,
2754,Accepted,,,,,
2755,Accepted,,,,,
2756,Accepted,,,,,
2757,Accepted,,,,,
2758,Accepted,,,,,
2759,Accepted,,,,,
2760,Accepted,,,,,
2761,Accepted,,,,,
2762,Accepted,,,,,
2763,Accepted,,,,,
2764,Accepted,,,,,
2765,Accepted,,,,,
2766,Accepted,,,,,
2767,Accepted,,,,,
2768,Accepted,,,,,
2769,Accepted,,,,,
2770,Accepted,,,,,
2771,Accepted,,,,,
2772,Accepted,,,,,
2773,Accepted,,,,,
2774,Accepted,,,,,
2775,Accepted,,,,,
2776,Accepted,,,,,
2777,Accepted,,,,,
2778,Accepted,,,,,
2779,Accepted,,,,,
2780,Accepted,,,,,
2781,Accepted,,,,,
2782,Accepted,,,,,
2783,Accepted,,,,,
2784,Accepted,,,,,
2785,Accepted,,,,,
2786,Accepted,,,,,
2787,Accepted,,,,,
2788,Accepted,,,,,
2789,Accepted,,,,,
2790,Accepted,,,,,
2791,Accepted,,,,,
2792,Accepted,,,,,
2793,Accepted,,,,,
2794,Accepted,,,,,
2795,Accepted,,,,,
2796,Accepted,,,,,
2797,Accepted,,,,,
2798,Accepted,,,,,
2799,Accepted,,,,,
2800,Accepted,,,,,
2801,Accepted,,,,,
2802,Accepted,,,,,
2803,Accepted,,,,,
2804,Accepted,,,,,
2805,Accepted,,,,,
2806,Accepted,,,,,
2807,Accepted,,,,,
2808,Accepted,,,,,
2809,Accepted,,,,,
2810,Accepted,,,,,
2811,Accepted,,,,,
2812,Accepted,,,,,
2813,Accepted,,,,,
2814,Accepted,,,,,
2815,Accepted,,,,,
2816,Accepted,,,,,
2817,Accepted,,,,,
2818,Accepted,,,,,
2819,Accepted,,,,,
2820,Accepted,,,,,
2821,Accepted,,,,,
2822,Accepted,,,,,
2823,Accepted,,,,,
2824,Accepted,,,,,
2825,Accepted,,,,,
2826,Accepted,,,,,
2827,Accepted,,,,,
2828,Accepted,,,,,
2829,Accepted,,,,,
2830,Accepted,,,,,
2831,Accepted,,,,,
2832,Accepted,,,,,
2833,Accepted,,,,,
2834,Accepted,,,,,
2835,Accepted,,,,,
2836,Accepted,,,,,
2837,Accepted,,,,,
2838,Accepted,,,,,
2839,Accepted,,,,,
2840,Accepted,,,,,
2841,Accepted,,,,,
2842,Accepted,,,,,
2843,Accepted,,,,,
2844,Accepted,,,,,
2845,Accepted,,,,,
2846,Accepted,,,,,
2847,Accepted,,,,,
2848,Accepted,,,,,
2849,Accepted,,,,,
2850,Accepted,,,,,
2851,Accepted,,,,,
2852,Accepted,,,,,
2853,Accepted,,,,,
2854,Accepted,,,,,
2855,Accepted,,,,,
2856,Accepted,,,,,
2857,Accepted,,,,,
2858,Accepted,,,,,
2859,Accepted,,,,,
2860,Accepted,,,,,
2861,Accepted,,,,,
2862,Accepted,,,,,
2863,Accepted,,,,,
2864,Accepted,,,,,
2865,Accepted,,,,,
2866,Accepted,,,,,
2867,Accepted,,,,,
2868,Accepted,,,,,
2869,Accepted,,,,,
2870,Accepted,,,,,
2871,Accepted,,,,,
2872,Accepted,,,,,
2873,Accepted,,,,,
2874,Accepted,,,,,
2875,Accepted,,,,,
2876,Accepted,,,,,
2877,Accepted,,,,,
2878,Accepted,,,,,
2879,Accepted,,,,,
2880,Accepted,,,,,
2881,Accepted,,,,,
2882,Accepted,,,,,
2883,Accepted,,,,,
2884,Accepted,,,,,
2885,Accepted,,,,,
2886,Accepted,,,,,
2887,Accepted,,,,,
2888,Accepted,,,,,
2889,Accepted,,,,,
2890,Accepted,,,,,
2891,Accepted,,,,,
2892,Accepted,,,,,
2893,Accepted,,,,,
2894,Accepted,,,,,
2895,Accepted,,,,,
2896,Accepted,,,,,
2897,Accepted,,,,,
2898,Accepted,,,,,
2899,Accepted,,,,,
2900,Accepted,,,,,
2901,Accepted,,,,,
2902,Accepted,,,,,
2903,Accepted,,,,,
2904,Accepted,,,,,
2905,Accepted,,,,,
2906,Accepted,,,,,
2907,Accepted,,,,,
2908,Accepted,,,,,
2909,Accepted,,,,,
2910,Accepted,,,,,
2911,Accepted,,,,,
2912,Accepted,,,,,
2913,Accepted,,,,,
2914,Accepted,,,,,
2915,Accepted,,,,,
2916,Accepted,,,,,
2917,Accepted,,,,,
2918,Accepted,,,,,
2919,Accepted,,,,,
2920,Accepted,,,,,
2921,Accepted,,,,,
2922,Accepted,,,,,
2923,Accepted,,,,,
2924,Accepted,,,,,
2925,Accepted,,,,,
2926,Accepted,,,,,
2927,Accepted,,,,,
2928,Accepted,,,,,
2929,Accepted,,,,,
2930,Accepted,,,,,
2931,Accepted,,,,,
2932,Accepted,,,,,
2933,Accepted,,,,,
2934,Accepted,,,,,
2935,Accepted,,,,,
2936,Accepted,,,,,
2937,Accepted,,,,,
2938,Accepted,,,,,
2939,Accepted,,,,,
2940,Accepted,,,,,
2941,Accepted,,,,,
2942,Accepted,,,,,
2943,Accepted,,,,,
2944,Accepted,,,,,
2945,Accepted,,,,,
2946,Accepted,,,,,
2947,Accepted,,,,,
2948,Accepted,,,,,
2949,Accepted,,,,,
2950,Accepted,,,,,
2951,Accepted,,,,,
2952,Accepted,,,,,
2953,Accepted,,,,,
2954,Accepted,,,,,
2955,Accepted,,,,,
2956,Accepted,,,,,
2957,Accepted,,,,,
2958,Accepted,,,,,
2959,Accepted,,,,,
2960,Accepted,,,,,
2961,Accepted,,,,,
2962,Accepted,,,,,
2963,Accepted,,,,,
2964,Accepted,,,,,
2965,Accepted,,,,,
2966,Accepted,,,,,
2967,Accepted,,,,,
2968,Accepted,,,,,
2969,Accepted,,,,,
2970,Accepted,,,,,
2971,Accepted,,,,,
2972,Accepted,,,,,
2973,Accepted,,,,,
2974,Accepted,,,,,
2975,Accepted,,,,,
2976,Accepted,,,,,
2977,Accepted,,,,,
2978,Accepted,,,,,
2979,Accepted,,,,,
2980,Accepted,,,,,
2981,Accepted,,,,,
2982,Accepted,,,,,
2983,Accepted,,,,,
2984,Accepted,,,,,
2985,Accepted,,,,,
2986,Accepted,,,,,
2987,Accepted,,,,,
2988,Accepted,,,,,
2989,Accepted,,,,,
2990,Accepted,,,,,
2991,Accepted,,,,,
2992,Accepted,,,,,
2993,Accepted,,,,,
2994,Accepted,,,,,
2995,Accepted,,,,,
2996,Accepted,,,,,
2997,Accepted,,,,,
2998,Accepted,,,,,
2999,Accepted,,,,,
3000,Accepted,,,,,
3001,Accepted,,,,,
3002,Accepted,,,,,
3003,Accepted,,,,,
3004,Accepted,,,,,
3005,Accepted,,,,,
3006,Accepted,,,,,
3007,Accepted,,,,,
3008,Accepted,,,,,
3009,Accepted,,,,,
3010,Accepted,,,,,
3011,Accepted,,,,,
3012,Accepted,,,,,
3013,Accepted,,,,,
3014,Accepted,,,,,
3015,Accepted,,,,,
3016,Accepted,,,,,
3017,Accepted,,,,,
3018,Accepted,,,,,
3019,Accepted,,,,,
3020,Accepted,,,,,
3021,Accepted,,,,,
3022,Accepted,,,,,
3023,Accepted,,,,,
3024,Accepted,,,,,
3025,Accepted,,,,,
3026,Accepted,,,,,
3027,Accepted,,,,,
3028,Accepted,,,,,
3029,Accepted,,,,,
3030,Accepted,,,,,
3031,Accepted,,,,,
3032,Accepted,,,,,
3033,Accepted,,,,,
3034,Accepted,,,,,
3035,Accepted,,,,,
3036,Accepted,,,,,
3037,Accepted,,,,,
3038,Accepted,,,,,
3039,Accepted,,,,,
3040,Accepted,,,,,
3041,Accepted,,,,,
3042,Accepted,,,,,
3043,Accepted,,,,,
3044,Accepted,,,,,
3045,Accepted,,,,,
3046,Accepted,,,,,
3047,Accepted,,,,,
3048,Accepted,,,,,
3049,Accepted,,,,,
3050,Accepted,,,,,
3051,Accepted,,,,,
3052,Accepted,,,,,
3053,Accepted,,,,,
3054,Accepted,,,,,
3055,Accepted,,,,,
3056,Accepted,,,,,
3057,Accepted,,,,,
3058,Accepted,,,,,
3059,Accepted,,,,,
3060,Accepted,,,,,
3061,Accepted,,,,,
3062,Accepted,,,,,
3063,Accepted,,,,,
3064,Accepted,,,,,
3065,Accepted,,,,,
3066,Accepted,,,,,
3067,Accepted,,,,,
3068,Accepted,,,,,
3069,Accepted,,,,,
3070,Accepted,,,,,
3071,Accepted,,,,,
3072,Accepted,,,,,
3073,Accepted,,,,,
3074,Accepted,,,,,
3075,Accepted,,,,,
3076,Accepted,,,,,
3077,Accepted,,,,,
3078,Accepted,,,,,
3079,Accepted,,,,,
3080,Accepted,,,,,
3081,Accepted,,,,,
3082,Accepted,,,,,
3083,Accepted,,,,,
3084,Accepted,,,,,
3085,Accepted,,,,,
3086,Accepted,,,,,
3087,Accepted,,,,,
3088,Accepted,,,,,
3089,Accepted,,,,,
3090,Accepted,,,,,
3091,Accepted,,,,,
3092,Accepted,,,,,
3093,Accepted,,,,,
3094,Accepted,,,,,
3095,Accepted,,,,,
3096,Accepted,,,,,
3097,Accepted,,,,,
3098,Accepted,,,,,
3099,Accepted,,,,,
3100,Accepted,,,,,
3101,Accepted,,,,,
3102,Accepted,,,,,
3103,Accepted,,,,,
3104,Accepted,,,,,
3105,Accepted,,,,,
3106,Accepted,,,,,
3107,Accepted,,,,,
3108,Accepted,,,,,
3109,Accepted,,,,,
3110,Accepted,,,,,
3111,Accepted,,,,,
3112,Accepted,,,,,
3113,Accepted,,,,,
3114,Accepted,,,,,
3115,Accepted,,,,,
3116,Accepted,,,,,
3117,Accepted,,,,,
3118,Accepted,,,,,
3119,Accepted,,,,,
3120,Accepted,,,,,
3121,Accepted,,,,,
3122,Accepted,,,,,
3123,Accepted,,,,,
3124,Accepted,,,,,
3125,Accepted,,,,,
3126,Accepted,,,,,
3127,Accepted,,,,,
3128,Accepted,,,,,
3129,Accepted,,,,,
3130,Accepted,,,,,
3131,Accepted,,,,,
3132,Accepted,,,,,
3133,Accepted,,,,,
3134,Accepted,,,,,
3135,Accepted,,,,,
3136,Accepted,,,,,
3137,Accepted,,,,,
3138,Accepted,,,,,
3139,Accepted,,,,,
3140,Accepted,,,,,
3141,Accepted,,,,,
3142,Accepted,,,,,
3143,Accepted,,,,,
3144,Accepted,,,,,
3145,Accepted,,,,,
3146,Accepted,,,,,
3147,Accepted,,,,,
3148,Accepted,,,,,
3149,Accepted,,,,,
3150,Accepted,,,,,
3151,Accepted,,,,,
3152,Accepted,,,,,
3153,Accepted,,,,,
3154,Accepted,,,,,
3155,Accepted,,,,,
3156,Accepted,,,,,
3157,Accepted,,,,,
3158,Accepted,,,,,
3159,Accepted,,,,,
3160,Accepted,,,,,
3161,Accepted,,,,,
3162,Accepted,,,,,
3163,Accepted,,,,,
3164,Accepted,,,,,
3165,Accepted,,,,,
3166,Accepted,,,,,
3167,Accepted,,,,,
3168,Accepted,,,,,
3169,Accepted,,,,,
3170,Accepted,,,,,
3171,Accepted,,,,,
3172,Accepted,,,,,
3173,Accepted,,,,,
3174,Accepted,,,,,
3175,Accepted,,,,,
3176,Accepted,,,,,
3177,Accepted,,,,,
3178,Accepted,,,,,
3179,Accepted,,,,,
3180,Accepted,,,,,
3181,Accepted,,,,,
3182,Accepted,,,,,
3183,Accepted,,,,,
3184,Accepted,,,,,
3185,Accepted,,,,,
3186,Accepted,,,,,
3187,Accepted,,,,,
3188,Accepted,,,,,
3189,Accepted,,,,,
3190,Accepted,,,,,
3191,Accepted,,,,,
3192,Accepted,,,,,
3193,Accepted,,,,,
3194,Accepted,,,,,
3195,Accepted,,,,,
3196,Accepted,,,,,
3197,Accepted,,,,,
3198,Accepted,,,,,
3199,Accepted,,,,,
3200,Accepted,,,,,
3201,Accepted,,,,,
3202,Accepted,,,,,
3203,Accepted,,,,,
3204,Accepted,,,,,
3205,Accepted,,,,,
3206,Accepted,,,,,
3207,Accepted,,,,,
3208,Accepted,,,,,
3209,Accepted,,,,,
3210,Accepted,,,,,
3211,Accepted,,,,,
3212,Accepted,,,,,
3213,Accepted,,,,,
3214,Accepted,,,,,
3215,Accepted,,,,,
3216,Accepted,,,,,
3217,Accepted,,,,,
3218,Accepted,,,,,
3219,Accepted,,,,,
3220,Accepted,,,,,
3221,Accepted,,,,,
3222,Accepted,,,,,
3223,Accepted,,,,,
3224,Accepted,,,,,
3225,Accepted,,,,,
3226,Accepted,,,,,
3227,Accepted,,,,,
3228,Accepted,,,,,
3229,Accepted,,,,,
3230,Accepted,,,,,
3231,Accepted,,,,,
3232,Accepted,,,,,
3233,Accepted,,,,,
3234,Accepted,,,,,
3235,Accepted,,,,,
3236,Accepted,,,,,
3237,Accepted,,,,,
3238,Accepted,,,,,
3239,Accepted,,,,,
3240,Accepted,,,,,
3241,Accepted,,,,,
3242,Accepted,,,,,
3243,Accepted,,,,,
3244,Accepted,,,,,
3245,Accepted,,,,,
3246,Accepted,,,,,
3247,Accepted,,,,,
3248,Accepted,,,,,
3249,Accepted,,,,,
3250,Accepted,,,,,
3251,Accepted,,,,,
3252,Accepted,,,,,
3253,Accepted,,,,,
3254,Accepted,,,,,
3255,Accepted,,,,,
3256,Accepted,,,,,
3257,Accepted,,,,,
3258,Accepted,,,,,
3259,Accepted,,,,,
3260,Accepted,,,,,
3261,Accepted,,,,,
3262,Accepted,,,,,
3263,Accepted,,,,,
3264,Accepted,,,,,
3265,Accepted,,,,,
3266,Accepted,,,,,
3267,Accepted,,,,,
3268,Accepted,,,,,
3269,Accepted,,,,,
3270,Accepted,,,,,
3271,Accepted,,,,,
3272,Accepted,,,,,
3273,Accepted,,,,,
3274,Accepted,,,,,
3275,Accepted,,,,,
3276,Accepted,,,,,
3277,Accepted,,,,,
3278,Accepted,,,,,
3279,Accepted,,,,,
3280,Accepted,,,,,
3281,Accepted,,,,,
3282,Accepted,,,,,
3283,Accepted,,,,,
3284,Accepted,,,,,
3285,Accepted,,,,,
3286,Accepted,,,,,
3287,Accepted,,,,,
3288,Accepted,,,,,
3289,Accepted,,,,,
3290,Accepted,,,,,
3291,Accepted,,,,,
3292,Accepted,,,,,
3293,Accepted,,,,,
3294,Accepted,,,,,
3295,Accepted,,,,,
3296,Accepted,,,,,
3297,Accepted,,,,,
3298,Accepted,,,,,
3299,Accepted,,,,,
3300,Accepted,,,,,
3301,Accepted,,,,,
3302,Accepted,,,,,
3303,Accepted,,,,,
3304,Accepted,,,,,
3305,Accepted,,,,,
3306,Accepted,,,,,
3307,Accepted,,,,,
3308,Accepted,,,,,
3309,Accepted,,,,,
3310,Accepted,,,,,
3311,Accepted,,,,,
3312,Accepted,,,,,
3313,Accepted,,,,,
3314,Accepted,,,,,
3315,Accepted,,,,,
3316,Accepted,,,,,
3317,Accepted,,,,,
3318,Accepted,,,,,
3319,Accepted,,,,,
3320,Accepted,,,,,
3321,Accepted,,,,,
3322,Accepted,,,,,
3323,Accepted,,,,,
3324,Accepted,,,,,
3325,Accepted,,,,,
3326,Accepted,,,,,
3327,Accepted,,,,,
3328,Accepted,,,,,
3329,Accepted,,,,,
3330,Accepted,,,,,
3331,Accepted,,,,,
3332,Accepted,,,,,
3333,Accepted,,,,,
3334,Accepted,,,,,
3335,Accepted,,,,,
3336,Accepted,,,,,
3337,Accepted,,,,,
3338,Accepted,,,,,
3339,Accepted,,,,,
3340,Accepted,,,,,
3341,Accepted,,,,,
3342,Accepted,,,,,
3343,Accepted,,,,,
3344,Accepted,,,,,
3345,Accepted,,,,,
3346,Accepted,,,,,
3347,Accepted,,,,,
3348,Accepted,,,,,
3349,Accepted,,,,,
3350,Accepted,,,,,
3351,Accepted,,,,,
3352,Accepted,,,,,
3353,Accepted,,,,,
3354,Accepted,,,,,
3355,Accepted,,,,,
3356,Accepted,,,,,
3357,Accepted,,,,,
3358,Accepted,,,,,
3359,Accepted,,,,,
3360,Accepted,,,,,
3361,Accepted,,,,,
3362,Accepted,,,,,
3363,Accepted,,,,,
3364,Accepted,,,,,
3365,Accepted,,,,,
3366,Accepted,,,,,
3367,Accepted,,,,,
3368,Accepted,,,,,
3369,Accepted,,,,,
3370,Accepted,,,,,
3371,Accepted,,,,,
3372,Accepted,,,,,
3373,Accepted,,,,,
3374,Accepted,,,,,
3375,Accepted,,,,,
3376,Accepted,,,,,
3377,Accepted,,,,,
3378,Accepted,,,,,
3379,Accepted,,,,,
3380,Accepted,,,,,
3381,Accepted,,,,,
3382,Accepted,,,,,
3383,Accepted,,,,,
3384,Accepted,,,,,
3385,Accepted,,,,,
3386,Accepted,,,,,
3387,Accepted,,,,,
3388,Accepted,,,,,
3389,Accepted,,,,,
3390,Accepted,,,,,
3391,Accepted,,,,,
3392,Accepted,,,,,
3393,Accepted,,,,,
3394,Accepted,,,,,
3395,Accepted,,,,,
3396,Accepted,,,,,
3397,Accepted,,,,,
3398,Accepted,,,,,
3399,Accepted,,,,,
3400,Accepted,,,,,
3401,Accepted,,,,,
3402,Accepted,,,,,
3403,Accepted,,,,,
3404,Accepted,,,,,
3405,Accepted,,,,,
3406,Accepted,,,,,
3407,Accepted,,,,,
3408,Accepted,,,,,
3409,Accepted,,,,,
3410,Accepted,,,,,
3411,Accepted,,,,,
3412,Accepted,,,,,
3413,Accepted,,,,,
3414,Accepted,,,,,
3415,Accepted,,,,,
3416,Accepted,,,,,
3417,Accepted,,,,,
3418,Accepted,,,,,
3419,Accepted,,,,,
3420,Accepted,,,,,
3421,Accepted,,,,,
3422,Accepted,,,,,
3423,Accepted,,,,,
3424,Accepted,,,,,
3425,Accepted,,,,,
3426,Accepted,,,,,
3427,Accepted,,,,,
3428,Accepted,,,,,
3429,Accepted,,,,,
3430,Accepted,,,,,
3431,Accepted,,,,,
3432,Accepted,,,,,
3433,Accepted,,,,,
3434,Accepted,,,,,
3435,Accepted,,,,,
3436,Accepted,,,,,
3437,Accepted,,,,,
3438,Accepted,,,,,
3439,Accepted,,,,,
3440,Accepted,,,,,
3441,Accepted,,,,,
3442,Accepted,,,,,
3443,Accepted,,,,,
3444,Accepted,,,,,
3445,Accepted,,,,,
3446,Accepted,,,,,
3447,Accepted,,,,,
3448,Accepted,,,,,
3449,Accepted,,,,,
3450,Accepted,,,,,
3451,Accepted,,,,,
3452,Accepted,,,,,
3453,Accepted,,,,,
3454,Accepted,,,,,
3455,Accepted,,,,,
3456,Accepted,,,,,
3457,Accepted,,,,,
3458,Accepted,,,,,
3459,Accepted,,,,,
3460,Accepted,,,,,
3461,Accepted,,,,,
3462,Accepted,,,,,
3463,Accepted,,,,,
3464,Accepted,,,,,
3465,Accepted,,,,,
3466,Accepted,,,,,
3467,Accepted,,,,,
3468,Accepted,,,,,
3469,Accepted,,,,,
3470,Accepted,,,,,
3471,Accepted,,,,,
3472,Accepted,,,,,
3473,Accepted,,,,,
3474,Accepted,,,,,
3475,Accepted,,,,,
3476,Accepted,,,,,
3477,Accepted,,,,,
3478,Accepted,,,,,
3479,Accepted,,,,,
3480,Accepted,,,,,
3481,Accepted,,,,,
3482,Accepted,,,,,
3483,Accepted,,,,,
3484,Accepted,,,,,
3485,Accepted,,,,,
3486,Accepted,,,,,
3487,Accepted,,,,,
3488,Accepted,,,,,
3489,Accepted,,,,,
3490,Accepted,,,,,
3491,Accepted,,,,,
3492,Accepted,,,,,
3493,Accepted,,,,,
3494,Accepted,,,,,
3495,Accepted,,,,,
3496,Accepted,,,,,
3497,Accepted,,,,,
3498,Accepted,,,,,
3499,Accepted,,,,,
3500,Accepted,,,,,
3501,Accepted,,,,,
3502,Accepted,,,,,
3503,Accepted,,,,,
3504,Accepted,,,,,
3505,Accepted,,,,,
3506,Accepted,,,,,
3507,Accepted,,,,,
3508,Accepted,,,,,
3509,Accepted,,,,,
3510,Accepted,,,,,
3511,Accepted,,,,,
3512,Accepted,,,,,
3513,Accepted,,,,,
3514,Accepted,,,,,
3515,Accepted,,,,,
3516,Accepted,,,,,
3517,Accepted,,,,,
3518,Accepted,,,,,
3519,Accepted,,,,,
3520,Accepted,,,,,
3521,Accepted,,,,,
3522,Accepted,,,,,
3523,Accepted,,,,,
3524,Accepted,,,,,
3525,Accepted,,,,,
3526,Accepted,,,,,
3527,Accepted,,,,,
3528,Accepted,,,,,
3529,Accepted,,,,,
3530,Accepted,,,,,
3531,Accepted,,,,,
3532,Accepted,,,,,
3533,Accepted,,,,,
3534,Accepted,,,,,
3535,Accepted,,,,,
3536,Accepted,,,,,
3537,Accepted,,,,,
3538,Accepted,,,,,
3539,Accepted,,,,,
3540,Accepted,,,,,
3541,Accepted,,,,,
3542,Accepted,,,,,
3543,Accepted,,,,,
3544,Accepted,,,,,
3545,Accepted,,,,,
3546,Accepted,,,,,
3547,Accepted,,,,,
3548,Accepted,,,,,
3549,Accepted,,,,,
3550,Accepted,,,,,
3551,Accepted,,,,,
3552,Accepted,,,,,
3553,Accepted,,,,,
3554,Accepted,,,,,
3555,Accepted,,,,,
3556,Accepted,,,,,
3557,Accepted,,,,,
3558,Accepted,,,,,
3559,Accepted,,,,,
3560,Accepted,,,,,
3561,Accepted,,,,,
3562,Accepted,,,,,
3563,Accepted,,,,,
3564,Accepted,,,,,
3565,Accepted,,,,,
3566,Accepted,,,,,
3567,Accepted,,,,,
3568,Accepted,,,,,
3569,Accepted,,,,,
3570,Accepted,,,,,
3571,Accepted,,,,,
3572,Accepted,,,,,
3573,Accepted,,,,,
3574,Accepted,,,,,
3575,Accepted,,,,,
3576,Accepted,,,,,
3577,Accepted,,,,,
3578,Accepted,,,,,
3579,Accepted,,,,,
3580,Accepted,,,,,
3581,Accepted,,,,,
3582,Accepted,,,,,
3583,Accepted,,,,,
3584,Accepted,,,,,
3585,Accepted,,,,,
3586,Accepted,,,,,
3587,Accepted,,,,,
3588,Accepted,,,,,
3589,Accepted,,,,,
3590,Accepted,,,,,
3591,Accepted,,,,,
3592,Accepted,,,,,
3593,Accepted,,,,,
3594,Accepted,,,,,
3595,Accepted,,,,,
3596,Accepted,,,,,
3597,Accepted,,,,,
3598,Accepted,,,,,
3599,Accepted,,,,,
3600,Accepted,,,,,
3601,Accepted,,,,,
3602,Accepted,,,,,
3603,Accepted,,,,,
3604,Accepted,,,,,
3605,Accepted,,,,,
3606,Accepted,,,,,
3607,Accepted,,,,,
3608,Accepted,,,,,
3609,Accepted,,,,,
3610,Accepted,,,,,
3611,Accepted,,,,,
3612,Accepted,,,,,
3613,Accepted,,,,,
3614,Accepted,,,,,
3615,Accepted,,,,,
3616,Accepted,,,,,
3617,Accepted,,,,,
3618,Accepted,,,,,
3619,Accepted,,,,,
3620,Accepted,,,,,
3621,Accepted,,,,,
3622,Accepted,,,,,
3623,Accepted,,,,,
3624,Accepted,,,,,
3625,Accepted,,,,,
3626,Accepted,,,,,
3627,Accepted,,,,,
3628,Accepted,,,,,
3629,Accepted,,,,,
3630,Accepted,,,,,
3631,Accepted,,,,,
3632,Accepted,,,,,
3633,Accepted,,,,,
3634,Accepted,,,,,
3635,Accepted,,,,,
3636,Accepted,,,,,
3637,Accepted,,,,,
3638,Accepted,,,,,
3639,Accepted,,,,,
3640,Accepted,,,,,
3641,Accepted,,,,,
3642,Accepted,,,,,
3643,Accepted,,,,,
3644,Accepted,,,,,
3645,Accepted,,,,,
3646,Accepted,,,,,
3647,Accepted,,,,,
3648,Accepted,,,,,
3649,Accepted,,,,,
3650,Accepted,,,,,
3651,Accepted,,,,,
3652,Accepted,,,,,
3653,Accepted,,,,,
3654,Accepted,,,,,
3655,Accepted,,,,,
3656,Accepted,,,,,
3657,Accepted,,,,,
3658,Accepted,,,,,
3659,Accepted,,,,,
3660,Accepted,,,,,
3661,Accepted,,,,,
3662,Accepted,,,,,
3663,Accepted,,,,,
3664,Accepted,,,,,
3665,Accepted,,,,,
3666,Accepted,,,,,
3667,Accepted,,,,,
3668,Accepted,,,,,
3669,Accepted,,,,,
3670,Accepted,,,,,
3671,Accepted,,,,,
3672,Accepted,,,,,
3673,Accepted,,,,,
3674,Accepted,,,,,
3675,Accepted,,,,,
3676,Accepted,,,,,
3677,Accepted,,,,,
3678,Accepted,,,,,
3679,Accepted,,,,,
3680,Accepted,,,,,
3681,Accepted,,,,,
3682,Accepted,,,,,
3683,Accepted,,,,,
3684,Accepted,,,,,
3685,Accepted,,,,,
3686,Accepted,,,,,
3687,Accepted,,,,,
3688,Accepted,,,,,
3689,Accepted,,,,,
3690,Accepted,,,,,
3691,Accepted,,,,,
3692,Accepted,,,,,
3693,Accepted,,,,,
3694,Accepted,,,,,
3695,Accepted,,,,,
3696,Accepted,,,,,
3697,Accepted,,,,,
3698,Accepted,,,,,
3699,Accepted,,,,,
3700,Accepted,,,,,
3701,Accepted,,,,,
3702,Accepted,,,,,
3703,Accepted,,,,,
3704,Accepted,,,,,
3705,Accepted,,,,,
3706,Accepted,,,,,
3707,Accepted,,,,,
3708,Accepted,,,,,
3709,Accepted,,,,,
3710,Accepted,,,,,
3711,Accepted,,,,,
3712,Accepted,,,,,
3713,Accepted,,,,,
3714,Accepted,,,,,
3715,Accepted,,,,,
3716,Accepted,,,,,
3717,Accepted,,,,,
3718,Accepted,,,,,
3719,Accepted,,,,,
3720,Accepted,,,,,
3721,Accepted,,,,,
3722,Accepted,,,,,
3723,Accepted,,,,,
3724,Accepted,,,,,
3725,Accepted,,,,,
3726,Accepted,,,,,
3727,Accepted,,,,,
3728,Accepted,,,,,
3729,Accepted,,,,,
3730,Accepted,,,,,
3731,Accepted,,,,,
3732,Accepted,,,,,
3733,Accepted,,,,,
3734,Accepted,,,,,
3735,Accepted,,,,,
3736,Accepted,,,,,
3737,Accepted,,,,,
3738,Accepted,,,,,
3739,Accepted,,,,,
3740,Accepted,,,,,
3741,Accepted,,,,,
3742,Accepted,,,,,
3743,Accepted,,,,,
3744,Accepted,,,,,
3745,Accepted,,,,,
3746,Accepted,,,,,
3747,Accepted,,,,,
3748,Accepted,,,,,
3749,Accepted,,,,,
3750,Accepted,,,,,
3751,Accepted,,,,,
3752,Accepted,,,,,
3753,Accepted,,,,,
3754,Accepted,,,,,
3755,Accepted,,,,,
3756,Accepted,,,,,
3757,Accepted,,,,,
3758,Accepted,,,,,
3759,Accepted,,,,,
3760,Accepted,,,,,
3761,Accepted,,,,,
3762,Accepted,,,,,
3763,Accepted,,,,,
3764,Accepted,,,,,
3765,Accepted,,,,,
3766,Accepted,,,,,
3767,Accepted,,,,,
3768,Accepted,,,,,
3769,Accepted,,,,,
3770,Accepted,,,,,
3771,Accepted,,,,,
3772,Accepted,,,,,
3773,Accepted,,,,,
3774,Accepted,,,,,
3775,Accepted,,,,,
3776,Accepted,,,,,
3777,Accepted,,,,,
3778,Accepted,,,,,
3779,Accepted,,,,,
3780,Accepted,,,,,
3781,Accepted,,,,,
3782,Accepted,,,,,
3783,Accepted,,,,,
3784,Accepted,,,,,
3785,Accepted,,,,,
3786,Accepted,,,,,
3787,Accepted,,,,,
3788,Accepted,,,,,
3789,Accepted,,,,,
3790,Accepted,,,,,
3791,Accepted,,,,,
3792,Accepted,,,,,
3793,Accepted,,,,,
3794,Accepted,,,,,
3795,Accepted,,,,,
3796,Accepted,,,,,
3797,Accepted,,,,,
3798,Accepted,,,,,
3799,Accepted,,,,,
3800,Accepted,,,,,
3801,Accepted,,,,,
3802,Accepted,,,,,
3803,Accepted,,,,,
3804,Accepted,,,,,
3805,Accepted,,,,,
3806,Accepted,,,,,
3807,Accepted,,,,,
3808,Accepted,,,,,
3809,Accepted,,,,,
3810,Accepted,,,,,
3811,Accepted,,,,,
3812,Accepted,,,,,
3813,Accepted,,,,,
3814,Accepted,,,,,
3815,Accepted,,,,,
3816,Accepted,,,,,
3817,Accepted,,,,,
3818,Accepted,,,,,
3819,Accepted,,,,,
3820,Accepted,,,,,
3821,Accepted,,,,,
3822,Accepted,,,,,
3823,Accepted,,,,,
3824,Accepted,,,,,
3825,Accepted,,,,,
3826,Accepted,,,,,
3827,Accepted,,,,,
3828,Accepted,,,,,
3829,Accepted,,,,,
3830,Accepted,,,,,
3831,Accepted,,,,,
3832,Accepted,,,,,
3833,Accepted,,,,,
3834,Accepted,,,,,
3835,Accepted,,,,,
3836,Accepted,,,,,
3837,Accepted,,,,,
3838,Accepted,,,,,
3839,Accepted,,,,,
3840,Accepted,,,,,
3841,Accepted,,,,,
3842,Accepted,,,,,
3843,Accepted,,,,,
3844,Accepted,,,,,
3845,Accepted,,,,,
3846,Accepted,,,,,
3847,Accepted,,,,,
3848,Accepted,,,,,
3849,Accepted,,,,,
3850,Accepted,,,,,
3851,Accepted,,,,,
3852,Accepted,,,,,
3853,Accepted,,,,,
3854,Accepted,,,,,
3855,Accepted,,,,,
3856,Accepted,,,,,
3857,Accepted,,,,,
3858,Accepted,,,,,
3859,Accepted,,,,,
3860,Accepted,,,,,
3861,Accepted,,,,,
3862,Accepted,,,,,
3863,Accepted,,,,,
3864,Accepted,,,,,
3865,Accepted,,,,,
3866,Accepted,,,,,
3867,Accepted,,,,,
3868,Accepted,,,,,
3869,Accepted,,,,,
3870,Accepted,,,,,
3871,Accepted,,,,,
3872,Accepted,,,,,
3873,Accepted,,,,,
3874,Accepted,,,,,
3875,Accepted,,,,,
3876,Accepted,,,,,
3877,Accepted,,,,,
3878,Accepted,,,,,
3879,Accepted,,,,,
3880,Accepted,,,,,
3881,Accepted,,,,,
3882,Accepted,,,,,
3883,Accepted,,,,,
3884,Accepted,,,,,
3885,Accepted,,,,,
3886,Accepted,,,,,
3887,Accepted,,,,,
3888,Accepted,,,,,
3889,Accepted,,,,,
3890,Accepted,,,,,
3891,Accepted,,,,,
3892,Accepted,,,,,
3893,Accepted,,,,,
3894,Accepted,,,,,
3895,Accepted,,,,,
3896,Accepted,,,,,
3897,Accepted,,,,,
3898,Accepted,,,,,
3899,Accepted,,,,,
3900,Accepted,,,,,
3901,Accepted,,,,,
3902,Accepted,,,,,
3903,Accepted,,,,,
3904,Accepted,,,,,
3905,Accepted,,,,,
3906,Accepted,,,,,
3907,Accepted,,,,,
3908,Accepted,,,,,
3909,Accepted,,,,,
3910,Accepted,,,,,
3911,Accepted,,,,,
3912,Accepted,,,,,
3913,Accepted,,,,,
3914,Accepted,,,,,
3915,Accepted,,,,,
3916,Accepted,,,,,
3917,Accepted,,,,,
3918,Accepted,,,,,
3919,Accepted,,,,,
3920,Accepted,,,,,
3921,Accepted,,,,,
3922,Accepted,,,,,
3923,Accepted,,,,,
3924,Accepted,,,,,
3925,Accepted,,,,,
3926,Accepted,,,,,
3927,Accepted,,,,,
3928,Accepted,,,,,
3929,Accepted,,,,,
3930,Accepted,,,,,
3931,Accepted,,,,,
3932,Accepted,,,,,
3933,Accepted,,,,,
3934,Accepted,,,,,
3935,Accepted,,,,,
3936,Accepted,,,,,
3937,Accepted,,,,,
3938,Accepted,,,,,
3939,Accepted,,,,,
3940,Accepted,,,,,
3941,Accepted,,,,,
3942,Accepted,,,,,
3943,Accepted,,,,,
3944,Accepted,,,,,
3945,Accepted,,,,,
3946,Accepted,,,,,
3947,Accepted,,,,,
3948,Accepted,,,,,
3949,Accepted,,,,,
3950,Accepted,,,,,
3951,Accepted,,,,,
3952,Accepted,,,,,
3953,Accepted,,,,,
3954,Accepted,,,,,
3955,Accepted,,,,,
3956,Accepted,,,,,
3957,Accepted,,,,,
3958,Accepted,,,,,
3959,Accepted,,,,,
3960,Accepted,,,,,
3961,Accepted,,,,,
3962,Accepted,,,,,
3963,Accepted,,,,,
3964,Accepted,,,,,
3965,Accepted,,,,,
3966,Accepted,,,,,
3967,Accepted,,,,,
3968,Accepted,,,,,
3969,Accepted,,,,,
3970,Accepted,,,,,
3971,Accepted,,,,,
3972,Accepted,,,,,
3973,Accepted,,,,,
3974,Accepted,,,,,
3975,Accepted,,,,,
3976,Accepted,,,,,
3977,Accepted,,,,,
3978,Accepted,,,,,
3979,Accepted,,,,,
3980,Accepted,,,,,
3981,Accepted,,,,,
3982,Accepted,,,,,
3983,Accepted,,,,,
3984,Accepted,,,,,
3985,Accepted,,,,,
3986,Accepted,,,,,
3987,Accepted,,,,,
3988,Accepted,,,,,
3989,Accepted,,,,,
3990,Accepted,,,,,
3991,Accepted,,,,,
3992,Accepted,,,,,
3993,Accepted,,,,,
3994,Accepted,,,,,
3995,Accepted,,,,,
3996,Accepted,,,,,
3997,Accepted,,,,,
3998,Accepted,,,,,
3999,Accepted,,,,,
4000,Accepted,,,,,
4001,Accepted,,,,,
4002,Accepted,,,,,
4003,Accepted,,,,,
4004,Accepted,,,,,
4005,Accepted,,,,,
4006,Accepted,,,,,
4007,Accepted,,,,,
4008,Accepted,,,,,
4009,Accepted,,,,,
4010,Accepted,,,,,
4011,Accepted,,,,,
4012,Accepted,,,,,
4013,Accepted,,,,,
4014,Accepted,,,,,
4015,Accepted,,,,,
4016,Accepted,,,,,
4017,Accepted,,,,,
4018,Accepted,,,,,
4019,Accepted,,,,,
4020,Accepted,,,,,
4021,Accepted,,,,,
4022,Accepted,,,,,
4023,Accepted,,,,,
4024,Accepted,,,,,
4025,Accepted,,,,,
4026,Accepted,,,,,
4027,Accepted,,,,,
4028,Accepted,,,,,
4029,Accepted,,,,,
4030,Accepted,,,,,
4031,Accepted,,,,,
4032,Accepted,,,,,
4033,Accepted,,,,,
4034,Accepted,,,,,
4035,Accepted,,,,,
4036,Accepted,,,,,
4037,Accepted,,,,,
4038,Accepted,,,,,
4039,Accepted,,,,,
4040,Accepted,,,,,
4041,Accepted,,,,,
4042,Accepted,,,,,
4043,Accepted,,,,,
4044,Accepted,,,,,
4045,Accepted,,,,,
4046,Accepted,,,,,
4047,Accepted,,,,,
4048,Accepted,,,,,
4049,Accepted,,,,,
4050,Accepted,,,,,
4051,Accepted,,,,,
4052,Accepted,,,,,
4053,Accepted,,,,,
4054,Accepted,,,,,
4055,Accepted,,,,,
4056,Accepted,,,,,
4057,Accepted,,,,,
4058,Accepted,,,,,
4059,Accepted,,,,,
4060,Accepted,,,,,
4061,Accepted,,,,,
4062,Accepted,,,,,
4063,Accepted,,,,,
4064,Accepted,,,,,
4065,Accepted,,,,,
4066,Accepted,,,,,
4067,Accepted,,,,,
4068,Accepted,,,,,
4069,Accepted,,,,,
4070,Accepted,,,,,
4071,Accepted,,,,,
4072,Accepted,,,,,
4073,Accepted,,,,,
4074,Accepted,,,,,
4075,Accepted,,,,,
4076,Accepted,,,,,
4077,Accepted,,,,,
4078,Accepted,,,,,
4079,Accepted,,,,,
4080,Accepted,,,,,
4081,Accepted,,,,,
4082,Accepted,,,,,
4083,Accepted,,,,,
4084,Accepted,,,,,
4085,Accepted,,,,,
4086,Accepted,,,,,
4087,Accepted,,,,,
4088,Accepted,,,,,
4089,Accepted,,,,,
4090,Accepted,,,,,
4091,Accepted,,,,,
4092,Accepted,,,,,
4093,Accepted,,,,,
4094,Accepted,,,,,
4095,Accepted,,,,,
4096,Accepted,,,,,
4097,Accepted,,,,,
4098,Accepted,,,,,
4099,Accepted,,,,,
4100,Accepted,,,,,
4101,Accepted,,,,,
4102,Accepted,,,,,
4103,Accepted,,,,,
4104,Accepted,,,,,
4105,Accepted,,,,,
4106,Accepted,,,,,
4107,Accepted,,,,,
4108,Accepted,,,,,
4109,Accepted,,,,,
4110,Accepted,,,,,
4111,Accepted,,,,,
4112,Accepted,,,,,
4113,Accepted,,,,,
4114,Accepted,,,,,
4115,Accepted,,,,,
4116,Accepted,,,,,
4117,Accepted,,,,,
4118,Accepted,,,,,
4119,Accepted,,,,,
4120,Accepted,,,,,
4121,Accepted,,,,,
4122,Accepted,,,,,
4123,Accepted,,,,,
4124,Accepted,,,,,
4125,Accepted,,,,,
4126,Accepted,,,,,
4127,Accepted,,,,,
4128,Accepted,,,,,
4129,Accepted,,,,,
4130,Accepted,,,,,
4131,Accepted,,,,,
4132,Accepted,,,,,
4133,Accepted,,,,,
4134,Accepted,,,,,
4135,Accepted,,,,,
4136,Accepted,,,,,
4137,Accepted,,,,,
4138,Accepted,,,,,
4139,Accepted,,,,,
4140,Accepted,,,,,
4141,Accepted,,,,,
4142,Accepted,,,,,
4143,Accepted,,,,,
4144,Accepted,,,,,
4145,Accepted,,,,,
4146,Accepted,,,,,
4147,Accepted,,,,,
4148,Accepted,,,,,
4149,Accepted,,,,,
4150,Accepted,,,,,
4151,Accepted,,,,,
4152,Accepted,,,,,
4153,Accepted,,,,,
4154,Accepted,,,,,
4155,Accepted,,,,,
4156,Accepted,,,,,
4157,Accepted,,,,,
4158,Accepted,,,,,
4159,Accepted,,,,,
4160,Accepted,,,,,
4161,Accepted,,,,,
4162,Accepted,,,,,
4163,Accepted,,,,,
4164,Accepted,,,,,
4165,Accepted,,,,,
4166,Accepted,,,,,
4167,Accepted,,,,,
4168,Accepted,,,,,
4169,Accepted,,,,,
4170,Accepted,,,,,
4171,Accepted,,,,,
4172,Accepted,,,,,
4173,Accepted,,,,,
4174,Accepted,,,,,
4175,Accepted,,,,,
4176,Accepted,,,,,
4177,Accepted,,,,,
4178,Accepted,,,,,
4179,Accepted,,,,,
4180,Accepted,,,,,
4181,Accepted,,,,,
4182,Accepted,,,,,
4183,Accepted,,,,,
4184,Accepted,,,,,
4185,Accepted,,,,,
4186,Accepted,,,,,
4187,Accepted,,,,,
4188,Accepted,,,,,
4189,Accepted,,,,,
4190,Accepted,,,,,
4191,Accepted,,,,,
4192,Accepted,,,,,
4193,Accepted,,,,,
4194,Accepted,,,,,
4195,Accepted,,,,,
4196,Accepted,,,,,
4197,Accepted,,,,,
4198,Accepted,,,,,
4199,Accepted,,,,,
4200,Accepted,,,,,
4201,Accepted,,,,,
4202,Accepted,,,,,
4203,Accepted,,,,,
4204,Accepted,,,,,
4205,Accepted,,,,,
4206,Accepted,,,,,
4207,Accepted,,,,,
4208,Accepted,,,,,
4209,Accepted,,,,,
4210,Accepted,,,,,
4211,Accepted,,,,,
4212,Accepted,,,,,
4213,Accepted,,,,,
4214,Accepted,,,,,
4215,Accepted,,,,,
4216,Accepted,,,,,
4217,Accepted,,,,,
4218,Accepted,,,,,
4219,Accepted,,,,,
4220,Accepted,,,,,
4221,Accepted,,,,,
4222,Accepted,,,,,
4223,Accepted,,,,,
4224,Accepted,,,,,
4225,Accepted,,,,,
4226,Accepted,,,,,
4227,Accepted,,,,,
4228,Accepted,,,,,
4229,Accepted,,,,,
4230,Accepted,,,,,
4231,Accepted,,,,,
4232,Accepted,,,,,
4233,Accepted,,,,,
4234,Accepted,,,,,
4235,Accepted,,,,,
4236,Accepted,,,,,
4237,Accepted,,,,,
4238,Accepted,,,,,
4239,Accepted,,,,,
4240,Accepted,,,,,
4241,Accepted,,,,,
4242,Accepted,,,,,
4243,Accepted,,,,,
4244,Accepted,,,,,
4245,Accepted,,,,,
4246,Accepted,,,,,
4247,Accepted,,,,,
4248,Accepted,,,,,
4249,Accepted,,,,,
4250,Accepted,,,,,
4251,Accepted,,,,,
4252,Accepted,,,,,
4253,Accepted,,,,,
4254,Accepted,,,,,
4255,Accepted,,,,,
4256,Accepted,,,,,
4257,Accepted,,,,,
4258,Accepted,,,,,
4259,Accepted,,,,,
4260,Accepted,,,,,
4261,Accepted,,,,,
4262,Accepted,,,,,
4263,Accepted,,,,,
4264,Accepted,,,,,
4265,Accepted,,,,,
4266,Accepted,,,,,
4267,Accepted,,,,,
4268,Accepted,,,,,
4269,Accepted,,,,,
4270,Accepted,,,,,
4271,Accepted,,,,,
4272,Accepted,,,,,
4273,Accepted,,,,,
4274,Accepted,,,,,
4275,Accepted,,,,,
4276,Accepted,,,,,
4277,Accepted,,,,,
4278,Accepted,,,,,
4279,Accepted,,,,,
4280,Accepted,,,,,
4281,Accepted,,,,,
4282,Accepted,,,,,
4283,Accepted,,,,,
4284,Accepted,,,,,
4285,Accepted,,,,,
4286,Accepted,,,,,
4287,Accepted,,,,,
4288,Accepted,,,,,
4289,Accepted,,,,,
4290,Accepted,,,,,
4291,Accepted,,,,,
4292,Accepted,,,,,
4293,Accepted,,,,,
4294,Accepted,,,,,
4295,Accepted,,,,,
4296,Accepted,,,,,
4297,Accepted,,,,,
4298,Accepted,,,,,
4299,Accepted,,,,,
4300,Accepted,,,,,
4301,Accepted,,,,,
4302,Accepted,,,,,
4303,Accepted,,,,,
4304,Accepted,,,,,
4305,Accepted,,,,,
4306,Accepted,,,,,
4307,Accepted,,,,,
4308,Accepted,,,,,
4309,Accepted,,,,,
4310,Accepted,,,,,
4311,Accepted,,,,,
4312,Accepted,,,,,
4313,Accepted,,,,,
4314,Accepted,,,,,
4315,Accepted,,,,,
4316,Accepted,,,,,
4317,Accepted,,,,,
4318,Accepted,,,,,
4319,Accepted,,,,,
4320,Accepted,,,,,
4321,Accepted,,,,,
4322,Accepted,,,,,
4323,Accepted,,,,,
4324,Accepted,,,,,
4325,Accepted,,,,,
4326,Accepted,,,,,
4327,Accepted,,,,,
4328,Accepted,,,,,
4329,Accepted,,,,,
4330,Accepted,,,,,
4331,Accepted,,,,,
4332,Accepted,,,,,
4333,Accepted,,,,,
4334,Accepted,,,,,
4335,Accepted,,,,,
4336,Accepted,,,,,
4337,Accepted,,,,,
4338,Accepted,,,,,
4339,Accepted,,,,,
4340,Accepted,,,,,
4341,Accepted,,,,,
4342,Accepted,,,,,
4343,Accepted,,,,,
4344,Accepted,,,,,
4345,Accepted,,,,,
4346,Accepted,,,,,
4347,Accepted,,,,,
4348,Accepted,,,,,
4349,Accepted,,,,,
4350,Accepted,,,,,
4351,Accepted,,,,,
4352,Accepted,,,,,
4353,Accepted,,,,,
4354,Accepted,,,,,
4355,Accepted,,,,,
4356,Accepted,,,,,
4357,Accepted,,,,,
4358,Accepted,,,,,
4359,Accepted,,,,,
4360,Accepted,,,,,
4361,Accepted,,,,,
4362,Accepted,,,,,
4363,Accepted,,,,,
4364,Accepted,,,,,
4365,Accepted,,,,,
4366,Accepted,,,,,
4367,Accepted,,,,,
4368,Accepted,,,,,
4369,Accepted,,,,,
4370,Accepted,,,,,
4371,Accepted,,,,,
4372,Accepted,,,,,
4373,Accepted,,,,,
4374,Accepted,,,,,
4375,Accepted,,,,,
4376,Accepted,,,,,
4377,Accepted,,,,,
4378,Accepted,,,,,
4379,Accepted,,,,,
4380,Accepted,,,,,
4381,Accepted,,,,,
4382,Accepted,,,,,
4383,Accepted,,,,,
4384,Accepted,,,,,
4385,Accepted,,,,,
4386,Accepted,,,,,
4387,Accepted,,,,,
4388,Accepted,,,,,
4389,Accepted,,,,,
4390,Accepted,,,,,
4391,Accepted,,,,,
4392,Accepted,,,,,
4393,Accepted,,,,,
4394,Accepted,,,,,
4395,Accepted,,,,,
4396,Accepted,,,,,
4397,Accepted,,,,,
4398,Accepted,,,,,
4399,Accepted,,,,,
4400,Accepted,,,,,
4401,Accepted,,,,,
4402,Accepted,,,,,
4403,Accepted,,,,,
4404,Accepted,,,,,
4405,Accepted,,,,,
4406,Accepted,,,,,
4407,Accepted,,,,,
4408,Accepted,,,,,
4409,Accepted,,,,,
4410,Accepted,,,,,
4411,Accepted,,,,,
4412,Accepted,,,,,
4413,Accepted,,,,,
4414,Accepted,,,,,
4415,Accepted,,,,,
4416,Accepted,,,,,
4417,Accepted,,,,,
4418,Accepted,,,,,
4419,Accepted,,,,,
4420,Accepted,,,,,
4421,Accepted,,,,,
4422,Accepted,,,,,
4423,Accepted,,,,,
4424,Accepted,,,,,
4425,Accepted,,,,,
4426,Accepted,,,,,
4427,Accepted,,,,,
4428,Accepted,,,,,
4429,Accepted,,,,,
4430,Accepted,,,,,
4431,Accepted,,,,,
4432,Accepted,,,,,
4433,Accepted,,,,,
4434,Accepted,,,,,
4435,Accepted,,,,,
4436,Accepted,,,,,
4437,Accepted,,,,,
4438,Accepted,,,,,
4439,Accepted,,,,,
4440,Accepted,,,,,
4441,Accepted,,,,,
4442,Accepted,,,,,
4443,Accepted,,,,,
4444,Accepted,,,,,
4445,Accepted,,,,,
4446,Accepted,,,,,
4447,Accepted,,,,,
4448,Accepted,,,,,
4449,Accepted,,,,,
4450,Accepted,,,,,
4451,Accepted,,,,,
4452,Accepted,,,,,
4453,Accepted,,,,,
4454,Accepted,,,,,
4455,Accepted,,,,,
4456,Accepted,,,,,
4457,Accepted,,,,,
4458,Accepted,,,,,
4459,Accepted,,,,,
4460,Accepted,,,,,
4461,Accepted,,,,,
4462,Accepted,,,,,
4463,Accepted,,,,,
4464,Accepted,,,,,
4465,Accepted,,,,,
4466,Accepted,,,,,
4467,Accepted,,,,,
4468,Accepted,,,,,
4469,Accepted,,,,,
4470,Accepted,,,,,
4471,Accepted,,,,,
4472,Accepted,,,,,
4473,Accepted,,,,,
4474,Accepted,,,,,
4475,Accepted,,,,,
4476,Accepted,,,,,
4477,Accepted,,,,,
4478,Accepted,,,,,
4479,Accepted,,,,,
4480,Accepted,,,,,
4481,Accepted,,,,,
4482,Accepted,,,,,
4483,Accepted,,,,,
4484,Accepted,,,,,
4485,Accepted,,,,,
4486,Accepted,,,,,
4487,Accepted,,,,,
4488,Accepted,,,,,
4489,Accepted,,,,,
4490,Accepted,,,,,
4491,Accepted,,,,,
4492,Accepted,,,,,
4493,Accepted,,,,,
4494,Accepted,,,,,
4495,Accepted,,,,,
4496,Accepted,,,,,
4497,Accepted,,,,,
4498,Accepted,,,,,
4499,Accepted,,,,,
4500,Accepted,,,,,
4501,Accepted,,,,,
4502,Accepted,,,,,
4503,Accepted,,,,,
4504,Accepted,,,,,
4505,Accepted,,,,,
4506,Accepted,,,,,
4507,Accepted,,,,,
4508,Accepted,,,,,
4509,Accepted,,,,,
4510,Accepted,,,,,
4511,Accepted,,,,,
4512,Accepted,,,,,
4513,Accepted,,,,,
4514,Accepted,,,,,
4515,Accepted,,,,,
4516,Accepted,,,,,
4517,Accepted,,,,,
4518,Accepted,,,,,
4519,Accepted,,,,,
4520,Accepted,,,,,
4521,Accepted,,,,,
4522,Accepted,,,,,
4523,Accepted,,,,,
4524,Accepted,,,,,
4525,Accepted,,,,,
4526,Accepted,,,,,
4527,Accepted,,,,,
4528,Accepted,,,,,
4529,Accepted,,,,,
4530,Accepted,,,,,
4531,Accepted,,,,,
4532,Accepted,,,,,
4533,Accepted,,,,,
4534,Accepted,,,,,
4535,Accepted,,,,,
4536,Accepted,,,,,
4537,Accepted,,,,,
4538,Accepted,,,,,
4539,Accepted,,,,,
4540,Accepted,,,,,
4541,Accepted,,,,,
4542,Accepted,,,,,
4543,Accepted,,,,,
4544,Accepted,,,,,
4545,Accepted,,,,,
4546,Accepted,,,,,
4547,Accepted,,,,,
4548,Accepted,,,,,
4549,Accepted,,,,,
4550,Accepted,,,,,
4551,Accepted,,,,,
4552,Accepted,,,,,
4553,Accepted,,,,,
4554,Accepted,,,,,
4555,Accepted,,,,,
4556,Accepted,,,,,
4557,Accepted,,,,,
4558,Accepted,,,,,
4559,Accepted,,,,,
4560,Accepted,,,,,
4561,Accepted,,,,,
4562,Accepted,,,,,
4563,Accepted,,,,,
4564,Accepted,,,,,
4565,Accepted,,,,,
4566,Accepted,,,,,
4567,Accepted,,,,,
4568,Accepted,,,,,
4569,Accepted,,,,,
4570,Accepted,,,,,
4571,Accepted,,,,,
4572,Accepted,,,,,
4573,Accepted,,,,,
4574,Accepted,,,,,
4575,Accepted,,,,,
4576,Accepted,,,,,
4577,Accepted,,,,,
4578,Accepted,,,,,
4579,Accepted,,,,,
4580,Accepted,,,,,
4581,Accepted,,,,,
4582,Accepted,,,,,
4583,Accepted,,,,,
4584,Accepted,,,,,
4585,Accepted,,,,,
4586,Accepted,,,,,
4587,Accepted,,,,,
4588,Accepted,,,,,
4589,Accepted,,,,,
4590,Accepted,,,,,
4591,Accepted,,,,,
4592,Accepted,,,,,
4593,Accepted,,,,,
4594,Accepted,,,,,
4595,Accepted,,,,,
4596,Accepted,,,,,
4597,Accepted,,,,,
4598,Accepted,,,,,
4599,Accepted,,,,,
4600,Accepted,,,,,
4601,Accepted,,,,,
4602,Accepted,,,,,
4603,Accepted,,,,,
4604,Accepted,,,,,
4605,Accepted,,,,,
4606,Accepted,,,,,
4607,Accepted,,,,,
4608,Accepted,,,,,
4609,Accepted,,,,,
4610,Accepted,,,,,
4611,Accepted,,,,,
4612,Accepted,,,,,
4613,Accepted,,,,,
4614,Accepted,,,,,
4615,Accepted,,,,,
4616,Accepted,,,,,
4617,Accepted,,,,,
4618,Accepted,,,,,
4619,Accepted,,,,,
4620,Accepted,,,,,
4621,Accepted,,,,,
4622,Accepted,,,,,
4623,Accepted,,,,,
4624,Accepted,,,,,
4625,Accepted,,,,,
4626,Accepted,,,,,
4627,Accepted,,,,,
4628,Accepted,,,,,
4629,Accepted,,,,,
4630,Accepted,,,,,
4631,Accepted,,,,,
4632,Accepted,,,,,
4633,Accepted,,,,,
4634,Accepted,,,,,
4635,Accepted,,,,,
4636,Accepted,,,,,
4637,Accepted,,,,,
4638,Accepted,,,,,
4639,Accepted,,,,,
4640,Accepted,,,,,
4641,Accepted,,,,,
4642,Accepted,,,,,
4643,Accepted,,,,,
4644,Accepted,,,,,
4645,Accepted,,,,,
4646,Accepted,,,,,
4647,Accepted,,,,,
4648,Accepted,,,,,
4649,Accepted,,,,,
4650,Accepted,,,,,
4651,Accepted,,,,,
4652,Accepted,,,,,
4653,Accepted,,,,,
4654,Accepted,,,,,
4655,Accepted,,,,,
4656,Accepted,,,,,
4657,Accepted,,,,,
4658,Accepted,,,,,
4659,Accepted,,,,,
4660,Accepted,,,,,
4661,Accepted,,,,,
4662,Accepted,,,,,
4663,Accepted,,,,,
4664,Accepted,,,,,
4665,Accepted,,,,,
4666,Accepted,,,,,
4667,Accepted,,,,,
4668,Accepted,,,,,
4669,Accepted,,,,,
4670,Accepted,,,,,
4671,Accepted,,,,,
4672,Accepted,,,,,
4673,Accepted,,,,,
4674,Accepted,,,,,
4675,Accepted,,,,,
4676,Accepted,,,,,
4677,Accepted,,,,,
4678,Accepted,,,,,
4679,Accepted,,,,,
4680,Accepted,,,,,
4681,Accepted,,,,,
4682,Accepted,,,,,
4683,Accepted,,,,,
4684,Accepted,,,,,
4685,Accepted,,,,,
4686,Accepted,,,,,
4687,Accepted,,,,,
4688,Accepted,,,,,
4689,Accepted,,,,,
4690,Accepted,,,,,
4691,Accepted,,,,,
4692,Accepted,,,,,
4693,Accepted,,,,,
4694,Accepted,,,,,
4695,Accepted,,,,,
4696,Accepted,,,,,
4697,Accepted,,,,,
4698,Accepted,,,,,
4699,Accepted,,,,,
4700,Accepted,,,,,
4701,Accepted,,,,,
4702,Accepted,,,,,
4703,Accepted,,,,,
4704,Accepted,,,,,
4705,Accepted,,,,,
4706,Accepted,,,,,
4707,Accepted,,,,,
4708,Accepted,,,,,
4709,Accepted,,,,,
4710,Accepted,,,,,
4711,Accepted,,,,,
4712,Accepted,,,,,
4713,Accepted,,,,,
4714,Accepted,,,,,
4715,Accepted,,,,,
4716,Accepted,,,,,
4717,Accepted,,,,,
4718,Accepted,,,,,
4719,Accepted,,,,,
4720,Accepted,,,,,
4721,Accepted,,,,,
4722,Accepted,,,,,
4723,Accepted,,,,,
4724,Accepted,,,,,
4725,Accepted,,,,,
4726,Accepted,,,,,
4727,Accepted,,,,,
4728,Accepted,,,,,
4729,Accepted,,,,,
4730,Accepted,,,,,
4731,Accepted,,,,,
4732,Accepted,,,,,
4733,Accepted,,,,,
4734,Accepted,,,,,
4735,Accepted,,,,,
4736,Accepted,,,,,
4737,Accepted,,,,,
4738,Accepted,,,,,
4739,Accepted,,,,,
4740,Accepted,,,,,
4741,Accepted,,,,,
4742,Accepted,,,,,
4743,Accepted,,,,,
4744,Accepted,,,,,
4745,Accepted,,,,,
4746,Accepted,,,,,
4747,Accepted,,,,,
4748,Accepted,,,,,
4749,Accepted,,,,,
4750,Accepted,,,,,
4751,Accepted,,,,,
4752,Accepted,,,,,
4753,Accepted,,,,,
4754,Accepted,,,,,
4755,Accepted,,,,,
4756,Accepted,,,,,
4757,Accepted,,,,,
4758,Accepted,,,,,
4759,Accepted,,,,,
4760,Accepted,,,,,
4761,Accepted,,,,,
4762,Accepted,,,,,
4763,Accepted,,,,,
4764,Accepted,,,,,
4765,Accepted,,,,,
4766,Accepted,,,,,
4767,Accepted,,,,,
4768,Accepted,,,,,
4769,Accepted,,,,,
4770,Accepted,,,,,
4771,Accepted,,,,,
4772,Accepted,,,,,
4773,Accepted,,,,,
4774,Accepted,,,,,
4775,Accepted,,,,,
4776,Accepted,,,,,
4777,Accepted,,,,,
4778,Accepted,,,,,
4779,Accepted,,,,,
4780,Accepted,,,,,
4781,Accepted,,,,,
4782,Accepted,,,,,
4783,Accepted,,,,,
4784,Accepted,,,,,
4785,Accepted,,,,,
4786,Accepted,,,,,
4787,Accepted,,,,,
4788,Accepted,,,,,
4789,Accepted,,,,,
4790,Accepted,,,,,
4791,Accepted,,,,,
4792,Accepted,,,,,
4793,Accepted,,,,,
4794,Accepted,,,,,
4795,Accepted,,,,,
4796,Accepted,,,,,
4797,Accepted,,,,,
4798,Accepted,,,,,
4799,Accepted,,,,,
4800,Accepted,,,,,
4801,Accepted,,,,,
4802,Accepted,,,,,
4803,Accepted,,,,,
4804,Accepted,,,,,
4805,Accepted,,,,,
4806,Accepted,,,,,
4807,Accepted,,,,,
4808,Accepted,,,,,
4809,Accepted,,,,,
4810,Accepted,,,,,
4811,Accepted,,,,,
4812,Accepted,,,,,
4813,Accepted,,,,,
4814,Accepted,,,,,
4815,Accepted,,,,,
4816,Accepted,,,,,
4817,Accepted,,,,,
4818,Accepted,,,,,
4819,Accepted,,,,,
4820,Accepted,,,,,
4821,Accepted,,,,,
4822,Accepted,,,,,
4823,Accepted,,,,,
4824,Accepted,,,,,
4825,Accepted,,,,,
4826,Accepted,,,,,
4827,Accepted,,,,,
4828,Accepted,,,,,
4829,Accepted,,,,,
4830,Accepted,,,,,
4831,Accepted,,,,,
4832,Accepted,,,,,
4833,Accepted,,,,,
4834,Accepted,,,,,
4835,Accepted,,,,,
4836,Accepted,,,,,
4837,Accepted,,,,,
4838,Accepted,,,,,
4839,Accepted,,,,,
4840,Accepted,,,,,
4841,Accepted,,,,,
4842,Accepted,,,,,
4843,Accepted,,,,,
4844,Accepted,,,,,
4845,Accepted,,,,,
4846,Accepted,,,,,
4847,Accepted,,,,,
4848,Accepted,,,,,
4849,Accepted,,,,,
4850,Accepted,,,,,
4851,Accepted,,,,,
4852,Accepted,,,,,
4853,Accepted,,,,,
4854,Accepted,,,,,
4855,Accepted,,,,,
4856,Accepted,,,,,
4857,Accepted,,,,,
4858,Accepted,,,,,
4859,Accepted,,,,,
4860,Accepted,,,,,
4861,Accepted,,,,,
4862,Accepted,,,,,
4863,Accepted,,,,,
4864,Accepted,,,,,
4865,Accepted,,,,,
4866,Accepted,,,,,
4867,Accepted,,,,,
4868,Accepted,,,,,
4869,Accepted,,,,,
4870,Accepted,,,,,
4871,Accepted,,,,,
4872,Accepted,,,,,
4873,Accepted,,,,,
4874,Accepted,,,,,
4875,Accepted,,,,,
4876,Accepted,,,,,
4877,Accepted,,,,,
4878,Accepted,,,,,
4879,Accepted,,,,,
4880,Accepted,,,,,
4881,Accepted,,,,,
4882,Accepted,,,,,
4883,Accepted,,,,,
4884,Accepted,,,,,
4885,Accepted,,,,,
4886,Accepted,,,,,
4887,Accepted,,,,,
4888,Accepted,,,,,
4889,Accepted,,,,,
4890,Accepted,,,,,
4891,Accepted,,,,,
4892,Accepted,,,,,
4893,Accepted,,,,,
4894,Accepted,,,,,
4895,Accepted,,,,,
4896,Accepted,,,,,
4897,Accepted,,,,,
4898,Accepted,,,,,
4899,Accepted,,,,,
4900,Accepted,,,,,
4901,Accepted,,,,,
4902,Accepted,,,,,
4903,Accepted,,,,,
4904,Accepted,,,,,
4905,Accepted,,,,,
4906,Accepted,,,,,
4907,Accepted,,,,,
4908,Accepted,,,,,
4909,Accepted,,,,,
4910,Accepted,,,,,
4911,Accepted,,,,,
4912,Accepted,,,,,
4913,Accepted,,,,,
4914,Accepted,,,,,
4915,Accepted,,,,,
4916,Accepted,,,,,
4917,Accepted,,,,,
4918,Accepted,,,,,
4919,Accepted,,,,,
4920,Accepted,,,,,
4921,Accepted,,,,,
4922,Accepted,,,,,
4923,Accepted,,,,,
4924,Accepted,,,,,
4925,Accepted,,,,,
4926,Accepted,,,,,
4927,Accepted,,,,,
4928,Accepted,,,,,
4929,Accepted,,,,,
4930,Accepted,,,,,
4931,Accepted,,,,,
4932,Accepted,,,,,
4933,Accepted,,,,,
4934,Accepted,,,,,
4935,Accepted,,,,,
4936,Accepted,,,,,
4937,Accepted,,,,,
4938,Accepted,,,,,
4939,Accepted,,,,,
4940,Accepted,,,,,
4941,Accepted,,,,,
4942,Accepted,,,,,
4943,Accepted,,,,,
4944,Accepted,,,,,
4945,Accepted,,,,,
4946,Accepted,,,,,
4947,Accepted,,,,,
4948,Accepted,,,,,
4949,Accepted,,,,,
4950,Accepted,,,,,
4951,Accepted,,,,,
4952,Accepted,,,,,
4953,Accepted,,,,,
4954,Accepted,,,,,
4955,Accepted,,,,,
4956,Accepted,,,,,
4957,Accepted,,,,,
4958,Accepted,,,,,
4959,Accepted,,,,,
4960,Accepted,,,,,
4961,Accepted,,,,,
4962,Accepted,,,,,
4963,Accepted,,,,,
4964,Accepted,,,,,
4965,Accepted,,,,,
4966,Accepted,,,,,
4967,Accepted,,,,,
4968,Accepted,,,,,
4969,Accepted,,,,,
4970,Accepted,,,,,
4971,Accepted,,,,,
4972,Accepted,,,,,
4973,Accepted,,,,,
4974,Accepted,,,,,
4975,Accepted,,,,,
4976,Accepted,,,,,
4977,Accepted,,,,,
4978,Accepted,,,,,
4979,Accepted,,,,,
4980,Accepted,,,,,
4981,Accepted,,,,,
4982,Accepted,,,,,
4983,Accepted,,,,,
4984,Accepted,,,,,
4985,Accepted,,,,,
4986,Accepted,,,,,
4987,Accepted,,,,,
4988,Accepted,,,,,
4989,Accepted,,,,,
4990,Accepted,,,,,
4991,Accepted,,,,,
4992,Accepted,,,,,
4993,Accepted,,,,,
4994,Accepted,,,,,
4995,Accepted,,,,,
4996,Accepted,,,,,
4997,Accepted,,,,,
4998,Accepted,,,,,
4999,Accepted,,,,,
5000,Accepted,,,,,
5001,Accepted,,,,,
5002,Accepted,,,,,
5003,Accepted,,,,,
5004,Accepted,,,,,
5005,Accepted,,,,,
5006,Accepted,,,,,
5007,Accepted,,,,,
5008,Accepted,,,,,
5009,Accepted,,,,,
5010,Accepted,,,,,
5011,Accepted,,,,,
5012,Accepted,,,,,
5013,Accepted,,,,,
5014,Accepted,,,,,
5015,Accepted,,,,,
5016,Accepted,,,,,
5017,Accepted,,,,,
5018,Accepted,,,,,
5019,Accepted,,,,,
5020,Accepted,,,,,
5021,Accepted,,,,,
5022,Accepted,,,,,
5023,Accepted,,,,,
5024,Accepted,,,,,
5025,Accepted,,,,,
5026,Accepted,,,,,
5027,Accepted,,,,,
5028,Accepted,,,,,
5029,Accepted,,,,,
5030,Accepted,,,,,
5031,Accepted,,,,,
5032,Accepted,,,,,
5033,Accepted,,,,,
5034,Accepted,,,,,
5035,Accepted,,,,,
5036,Accepted,,,,,
5037,Accepted,,,,,
5038,Accepted,,,,,
5039,Accepted,,,,,
5040,Accepted,,,,,
5041,Accepted,,,,,
5042,Accepted,,,,,
5043,Accepted,,,,,
5044,Accepted,,,,,
5045,Accepted,,,,,
5046,Accepted,,,,,
5047,Accepted,,,,,
5048,Accepted,,,,,
5049,Accepted,,,,,
5050,Accepted,,,,,
5051,Accepted,,,,,
5052,Accepted,,,,,
5053,Accepted,,,,,
5054,Accepted,,,,,
5055,Accepted,,,,,
5056,Accepted,,,,,
5057,Accepted,,,,,
5058,Accepted,,,,,
5059,Accepted,,,,,
5060,Accepted,,,,,
5061,Accepted,,,,,
5062,Accepted,,,,,
5063,Accepted,,,,,
5064,Accepted,,,,,
5065,Accepted,,,,,
5066,Accepted,,,,,
5067,Accepted,,,,,
5068,Accepted,,,,,
5069,Accepted,,,,,
5070,Accepted,,,,,
5071,Accepted,,,,,
5072,Accepted,,,,,
5073,Accepted,,,,,
5074,Accepted,,,,,
5075,Accepted,,,,,
5076,Accepted,,,,,
5077,Accepted,,,,,
5078,Accepted,,,,,
5079,Accepted,,,,,
5080,Accepted,,,,,
5081,Accepted,,,,,
5082,Accepted,,,,,
5083,Accepted,,,,,
5084,Accepted,,,,,
5085,Accepted,,,,,
5086,Accepted,,,,,
5087,Accepted,,,,,
5088,Accepted,,,,,
5089,Accepted,,,,,
5090,Accepted,,,,,
5091,Accepted,,,,,
5092,Accepted,,,,,
5093,Accepted,,,,,
5094,Accepted,,,,,
5095,Accepted,,,,,
5096,Accepted,,,,,
5097,Accepted,,,,,
5098,Accepted,,,,,
5099,Accepted,,,,,
5100,Accepted,,,,,
5101,Accepted,,,,,
5102,Accepted,,,,,
5103,Accepted,,,,,
5104,Accepted,,,,,
5105,Accepted,,,,,
5106,Accepted,,,,,
5107,Accepted,,,,,
5108,Accepted,,,,,
5109,Accepted,,,,,
5110,Accepted,,,,,
5111,Accepted,,,,,
5112,Accepted,,,,,
5113,Accepted,,,,,
5114,Accepted,,,,,
5115,Accepted,,,,,
5116,Accepted,,,,,
5117,Accepted,,,,,
5118,Accepted,,,,,
5119,Accepted,,,,,
5120,Accepted,,,,,
5121,Accepted,,,,,
5122,Accepted,,,,,
5123,Accepted,,,,,
5124,Accepted,,,,,
5125,Accepted,,,,,
5126,Accepted,,,,,
5127,Accepted,,,,,
5128,Accepted,,,,,
5129,Accepted,,,,,
5130,Accepted,,,,,
5131,Accepted,,,,,
5132,Accepted,,,,,
5133,Accepted,,,,,
5134,Accepted,,,,,
5135,Accepted,,,,,
5136,Accepted,,,,,
5137,Accepted,,,,,
5138,Accepted,,,,,
5139,Accepted,,,,,
5140,Accepted,,,,,
5141,Accepted,,,,,
5142,Accepted,,,,,
5143,Accepted,,,,,
5144,Accepted,,,,,
5145,Accepted,,,,,
5146,Accepted,,,,,
5147,Accepted,,,,,
5148,Accepted,,,,,
5149,Accepted,,,,,
5150,Accepted,,,,,
5151,Accepted,,,,,
5152,Accepted,,,,,
5153,Accepted,,,,,
5154,Accepted,,,,,
5155,Accepted,,,,,
5156,Accepted,,,,,
5157,Accepted,,,,,
5158,Accepted,,,,,
5159,Accepted,,,,,
5160,Accepted,,,,,
5161,Accepted,,,,,
5162,Accepted,,,,,
5163,Accepted,,,,,
5164,Accepted,,,,,
5165,Accepted,,,,,
5166,Accepted,,,,,
5167,Accepted,,,,,
5168,Accepted,,,,,
5169,Accepted,,,,,
5170,Accepted,,,,,
5171,Accepted,,,,,
5172,Accepted,,,,,
5173,Accepted,,,,,
5174,Accepted,,,,,
5175,Accepted,,,,,
5176,Accepted,,,,,
5177,Accepted,,,,,
5178,Accepted,,,,,
5179,Accepted,,,,,
5180,Accepted,,,,,
5181,Accepted,,,,,
5182,Accepted,,,,,
5183,Accepted,,,,,
5184,Accepted,,,,,
5185,Accepted,,,,,
5186,Accepted,,,,,
5187,Accepted,,,,,
5188,Accepted,,,,,
5189,Accepted,,,,,
5190,Accepted,,,,,
5191,Accepted,,,,,
5192,Accepted,,,,,
5193,Accepted,,,,,
5194,Accepted,,,,,
5195,Accepted,,,,,
5196,Accepted,,,,,
5197,Accepted,,,,,
5198,Accepted,,,,,
5199,Accepted,,,,,
5200,Accepted,,,,,
5201,Accepted,,,,,
5202,Accepted,,,,,
5203,Accepted,,,,,
5204,Accepted,,,,,
5205,Accepted,,,,,
5206,Accepted,,,,,
5207,Accepted,,,,,
5208,Accepted,,,,,
5209,Accepted,,,,,
5210,Accepted,,,,,
5211,Accepted,,,,,
5212,Accepted,,,,,
5213,Accepted,,,,,
5214,Accepted,,,,,
5215,Accepted,,,,,
5216,Accepted,,,,,
5217,Accepted,,,,,
5218,Accepted,,,,,
5219,Accepted,,,,,
5220,Accepted,,,,,
5221,Accepted,,,,,
5222,Accepted,,,,,
5223,Accepted,,,,,
5224,Accepted,,,,,
5225,Accepted,,,,,
5226,Accepted,,,,,
5227,Accepted,,,,,
5228,Accepted,,,,,
5229,Accepted,,,,,
5230,Accepted,,,,,
5231,Accepted,,,,,
5232,Accepted,,,,,
5233,Accepted,,,,,
5234,Accepted,,,,,
5235,Accepted,,,,,
5236,Accepted,,,,,
5237,Accepted,,,,,
5238,Accepted,,,,,
5239,Accepted,,,,,
5240,Accepted,,,,,
5241,Accepted,,,,,
5242,Accepted,,,,,
5243,Accepted,,,,,
5244,Accepted,,,,,
5245,Accepted,,,,,
5246,Accepted,,,,,
5247,Accepted,,,,,
5248,Accepted,,,,,
5249,Accepted,,,,,
5250,Accepted,,,,,
5251,Accepted,,,,,
5252,Accepted,,,,,
5253,Accepted,,,,,
5254,Accepted,,,,,
5255,Accepted,,,,,
5256,Accepted,,,,,
5257,Accepted,,,,,
5258,Accepted,,,,,
5259,Accepted,,,,,
5260,Accepted,,,,,
5261,Accepted,,,,,
5262,Accepted,,,,,
5263,Accepted,,,,,
5264,Accepted,,,,,
5265,Accepted,,,,,
5266,Accepted,,,,,
5267,Accepted,,,,,
5268,Accepted,,,,,
5269,Accepted,,,,,
5270,Accepted,,,,,
5271,Accepted,,,,,
5272,Accepted,,,,,
5273,Accepted,,,,,
5274,Accepted,,,,,
5275,Accepted,,,,,
5276,Accepted,,,,,
5277,Accepted,,,,,
5278,Accepted,,,,,
5279,Accepted,,,,,
5280,Accepted,,,,,
5281,Accepted,,,,,
5282,Accepted,,,,,
5283,Accepted,,,,,
5284,Accepted,,,,,
5285,Accepted,,,,,
5286,Accepted,,,,,
5287,Accepted,,,,,
5288,Accepted,,,,,
5289,Accepted,,,,,
5290,Accepted,,,,,
5291,Accepted,,,,,
5292,Accepted,,,,,
5293,Accepted,,,,,
5294,Accepted,,,,,
5295,Accepted,,,,,
5296,Accepted,,,,,
5297,Accepted,,,,,
5298,Accepted,,,,,
5299,Accepted,,,,,
5300,Accepted,,,,,
5301,Accepted,,,,,
5302,Accepted,,,,,
5303,Accepted,,,,,
5304,Accepted,,,,,
5305,Accepted,,,,,
5306,Accepted,,,,,
5307,Accepted,,,,,
5308,Accepted,,,,,
5309,Accepted,,,,,
5310,Accepted,,,,,
5311,Accepted,,,,,
5312,Accepted,,,,,
5313,Accepted,,,,,
5314,Accepted,,,,,
5315,Accepted,,,,,
5316,Accepted,,,,,
5317,Accepted,,,,,
5318,Accepted,,,,,
5319,Accepted,,,,,
5320,Accepted,,,,,
5321,Accepted,,,,,
5322,Accepted,,,,,
5323,Accepted,,,,,
5324,Accepted,,,,,
5325,Accepted,,,,,
5326,Accepted,,,,,
5327,Accepted,,,,,
5328,Accepted,,,,,
5329,Accepted,,,,,
5330,Accepted,,,,,
5331,Accepted,,,,,
5332,Accepted,,,,,
5333,Accepted,,,,,
5334,Accepted,,,,,
5335,Accepted,,,,,
5336,Accepted,,,,,
5337,Accepted,,,,,
5338,Accepted,,,,,
5339,Accepted,,,,,
5340,Accepted,,,,,
5341,Accepted,,,,,
5342,Accepted,,,,,
5343,Accepted,,,,,
5344,Accepted,,,,,
5345,Accepted,,,,,
5346,Accepted,,,,,
5347,Accepted,,,,,
5348,Accepted,,,,,
5349,Accepted,,,,,
5350,Accepted,,,,,
5351,Accepted,,,,,
5352,Accepted,,,,,
5353,Accepted,,,,,
5354,Accepted,,,,,
5355,Accepted,,,,,
5356,Accepted,,,,,
5357,Accepted,,,,,
5358,Accepted,,,,,
5359,Accepted,,,,,
5360,Accepted,,,,,
5361,Accepted,,,,,
5362,Accepted,,,,,
5363,Accepted,,,,,
5364,Accepted,,,,,
5365,Accepted,,,,,
5366,Accepted,,,,,
5367,Accepted,,,,,
5368,Accepted,,,,,
5369,Accepted,,,,,
5370,Accepted,,,,,
5371,Accepted,,,,,
5372,Accepted,,,,,
5373,Accepted,,,,,
5374,Accepted,,,,,
5375,Accepted,,,,,
5376,Accepted,,,,,
5377,Accepted,,,,,
5378,Accepted,,,,,
5379,Accepted,,,,,
5380,Accepted,,,,,
5381,Accepted,,,,,
5382,Accepted,,,,,
5383,Accepted,,,,,
5384,Accepted,,,,,
5385,Accepted,,,,,
5386,Accepted,,,,,
5387,Accepted,,,,,
5388,Accepted,,,,,
5389,Accepted,,,,,
5390,Accepted,,,,,
5391,Accepted,,,,,
5392,Accepted,,,,,
5393,Accepted,,,,,
5394,Accepted,,,,,
5395,Accepted,,,,,
5396,Accepted,,,,,
5397,Accepted,,,,,
5398,Accepted,,,,,
5399,Accepted,,,,,
5400,Accepted,,,,,
5401,Accepted,,,,,
5402,Accepted,,,,,
5403,Accepted,,,,,
5404,Accepted,,,,,
5405,Accepted,,,,,
5406,Accepted,,,,,
5407,Accepted,,,,,
5408,Accepted,,,,,
5409,Accepted,,,,,
5410,Accepted,,,,,
5411,Accepted,,,,,
5412,Accepted,,,,,
5413,Accepted,,,,,
5414,Accepted,,,,,
5415,Accepted,,,,,
5416,Accepted,,,,,
5417,Accepted,,,,,
5418,Accepted,,,,,
5419,Accepted,,,,,
5420,Accepted,,,,,
5421,Accepted,,,,,
5422,Accepted,,,,,
5423,Accepted,,,,,
5424,Accepted,,,,,
5425,Accepted,,,,,
5426,Accepted,,,,,
5427,Accepted,,,,,
5428,Accepted,,,,,
5429,Accepted,,,,,
5430,Accepted,,,,,
5431,Accepted,,,,,
5432,Accepted,,,,,
5433,Accepted,,,,,
5434,Accepted,,,,,
5435,Accepted,,,,,
5436,Accepted,,,,,
5437,Accepted,,,,,
5438,Accepted,,,,,
5439,Accepted,,,,,
5440,Accepted,,,,,
5441,Accepted,,,,,
5442,Accepted,,,,,
5443,Accepted,,,,,
5444,Accepted,,,,,
5445,Accepted,,,,,
5446,Accepted,,,,,
5447,Accepted,,,,,
5448,Accepted,,,,,
5449,Accepted,,,,,
5450,Accepted,,,,,
5451,Accepted,,,,,
5452,Accepted,,,,,
5453,Accepted,,,,,
5454,Accepted,,,,,
5455,Accepted,,,,,
5456,Accepted,,,,,
5457,Accepted,,,,,
5458,Accepted,,,,,
5459,Accepted,,,,,
5460,Accepted,,,,,
5461,Accepted,,,,,
5462,Accepted,,,,,
5463,Accepted,,,,,
5464,Accepted,,,,,
5465,Accepted,,,,,
5466,Accepted,,,,,
5467,Accepted,,,,,
5468,Accepted,,,,,
5469,Accepted,,,,,
5470,Accepted,,,,,
5471,Accepted,,,,,
5472,Accepted,,,,,
5473,Accepted,,,,,
5474,Accepted,,,,,
5475,Accepted,,,,,
5476,Accepted,,,,,
5477,Accepted,,,,,
5478,Accepted,,,,,
5479,Accepted,,,,,
5480,Accepted,,,,,
5481,Accepted,,,,,
5482,Accepted,,,,,
5483,Accepted,,,,,
5484,Accepted,,,,,
5485,Accepted,,,,,
5486,Accepted,,,,,
5487,Accepted,,,,,
5488,Accepted,,,,,
5489,Accepted,,,,,
5490,Accepted,,,,,
5491,Accepted,,,,,
5492,Accepted,,,,,
5493,Accepted,,,,,
5494,Accepted,,,,,
5495,Accepted,,,,,
5496,Accepted,,,,,
5497,Accepted,,,,,
5498,Accepted,,,,,
5499,Accepted,,,,,
5500,Accepted,,,,,
5501,Accepted,,,,,
5502,Accepted,,,,,
5503,Accepted,,,,,
5504,Accepted,,,,,
5505,Accepted,,,,,
5506,Accepted,,,,,
5507,Accepted,,,,,
5508,Accepted,,,,,
5509,Accepted,,,,,
5510,Accepted,,,,,
5511,Accepted,,,,,
5512,Accepted,,,,,
5513,Accepted,,,,,
5514,Accepted,,,,,
5515,Accepted,,,,,
5516,Accepted,,,,,
5517,Accepted,,,,,
5518,Accepted,,,,,
5519,Accepted,,,,,
5520,Accepted,,,,,
5521,Accepted,,,,,
5522,Accepted,,,,,
5523,Accepted,,,,,
5524,Accepted,,,,,
5525,Accepted,,,,,
5526,Accepted,,,,,
5527,Accepted,,,,,
5528,Accepted,,,,,
5529,Accepted,,,,,
5530,Accepted,,,,,
5531,Accepted,,,,,
5532,Accepted,,,,,
5533,Accepted,,,,,
5534,Accepted,,,,,
5535,Accepted,,,,,
5536,Accepted,,,,,
5537,Accepted,,,,,
5538,Accepted,,,,,
5539,Accepted,,,,,
5540,Accepted,,,,,
5541,Accepted,,,,,
5542,Accepted,,,,,
5543,Accepted,,,,,
5544,Accepted,,,,,
5545,Accepted,,,,,
5546,Accepted,,,,,
5547,Accepted,,,,,
5548,Accepted,,,,,
5549,Accepted,,,,,
5550,Accepted,,,,,
5551,Accepted,,,,,
5552,Accepted,,,,,
5553,Accepted,,,,,
5554,Accepted,,,,,
5555,Accepted,,,,,
5556,Accepted,,,,,
5557,Accepted,,,,,
5558,Accepted,,,,,
5559,Accepted,,,,,
5560,Accepted,,,,,
5561,Accepted,,,,,
5562,Accepted,,,,,
5563,Accepted,,,,,
5564,Accepted,,,,,
5565,Accepted,,,,,
5566,Accepted,,,,,
5567,Accepted,,,,,
5568,Accepted,,,,,
5569,Accepted,,,,,
5570,Accepted,,,,,
5571,Accepted,,,,,
5572,Accepted,,,,,
5573,Accepted,,,,,
5574,Accepted,,,,,
5575,Accepted,,,,,
5576,Accepted,,,,,
5577,Accepted,,,,,
5578,Accepted,,,,,
5579,Accepted,,,,,
5580,Accepted,,,,,
5581,Accepted,,,,,
5582,Accepted,,,,,
5583,Accepted,,,,,
5584,Accepted,,,,,
5585,Accepted,,,,,
5586,Accepted,,,,,
5587,Accepted,,,,,
5588,Accepted,,,,,
5589,Accepted,,,,,
5590,Accepted,,,,,
5591,Accepted,,,,,
5592,Accepted,,,,,
5593,Accepted,,,,,
5594,Accepted,,,,,
5595,Accepted,,,,,
5596,Accepted,,,,,
5597,Accepted,,,,,
5598,Accepted,,,,,
5599,Accepted,,,,,
5600,Accepted,,,,,
5601,Accepted,,,,,
5602,Accepted,,,,,
5603,Accepted,,,,,
5604,Accepted,,,,,
5605,Accepted,,,,,
5606,Accepted,,,,,
5607,Accepted,,,,,
5608,Accepted,,,,,
5609,Accepted,,,,,
5610,Accepted,,,,,
5611,Accepted,,,,,
5612,Accepted,,,,,
5613,Accepted,,,,,
5614,Accepted,,,,,
5615,Accepted,,,,,
5616,Accepted,,,,,
5617,Accepted,,,,,
5618,Accepted,,,,,
5619,Accepted,,,,,
5620,Accepted,,,,,
5621,Accepted,,,,,
5622,Accepted,,,,,
5623,Accepted,,,,,
5624,Accepted,,,,,
5625,Accepted,,,,,
5626,Accepted,,,,,
5627,Accepted,,,,,
5628,Accepted,,,,,
5629,Accepted,,,,,
5630,Accepted,,,,,
5631,Accepted,,,,,
5632,Accepted,,,,,
5633,Accepted,,,,,
5634,Accepted,,,,,
5635,Accepted,,,,,
5636,Accepted,,,,,
5637,Accepted,,,,,
5638,Accepted,,,,,
5639,Accepted,,,,,
5640,Accepted,,,,,
5641,Accepted,,,,,
5642,Accepted,,,,,
5643,Accepted,,,,,
5644,Accepted,,,,,
5645,Accepted,,,,,
5646,Accepted,,,,,
5647,Accepted,,,,,
5648,Accepted,,,,,
5649,Accepted,,,,,
5650,Accepted,,,,,
5651,Accepted,,,,,
5652,Accepted,,,,,
5653,Accepted,,,,,
5654,Accepted,,,,,
5655,Accepted,,,,,
5656,Accepted,,,,,
5657,Accepted,,,,,
5658,Accepted,,,,,
5659,Accepted,,,,,
5660,Accepted,,,,,
5661,Accepted,,,,,
5662,Accepted,,,,,
5663,Accepted,,,,,
5664,Accepted,,,,,
5665,Accepted,,,,,
5666,Accepted,,,,,
5667,Accepted,,,,,
5668,Accepted,,,,,
5669,Accepted,,,,,
5670,Accepted,,,,,
5671,Accepted,,,,,
5672,Accepted,,,,,
5673,Accepted,,,,,
5674,Accepted,,,,,
5675,Accepted,,,,,
5676,Accepted,,,,,
5677,Accepted,,,,,
5678,Accepted,,,,,
5679,Accepted,,,,,
5680,Accepted,,,,,
5681,Accepted,,,,,
5682,Accepted,,,,,
5683,Accepted,,,,,
5684,Accepted,,,,,
5685,Accepted,,,,,
5686,Accepted,,,,,
5687,Accepted,,,,,
5688,Accepted,,,,,
5689,Accepted,,,,,
5690,Accepted,,,,,
5691,Accepted,,,,,
5692,Accepted,,,,,
5693,Accepted,,,,,
5694,Accepted,,,,,
5695,Accepted,,,,,
5696,Accepted,,,,,
5697,Accepted,,,,,
5698,Accepted,,,,,
5699,Accepted,,,,,
5700,Accepted,,,,,
5701,Accepted,,,,,
5702,Accepted,,,,,
5703,Accepted,,,,,
5704,Accepted,,,,,
5705,Accepted,,,,,
5706,Accepted,,,,,
5707,Accepted,,,,,
5708,Accepted,,,,,
5709,Accepted,,,,,
5710,Accepted,,,,,
5711,Accepted,,,,,
5712,Accepted,,,,,
5713,Accepted,,,,,
5714,Accepted,,,,,
5715,Accepted,,,,,
5716,Accepted,,,,,
5717,Accepted,,,,,
5718,Accepted,,,,,
5719,Accepted,,,,,
5720,Accepted,,,,,
5721,Accepted,,,,,
5722,Accepted,,,,,
5723,Accepted,,,,,
5724,Accepted,,,,,
5725,Accepted,,,,,
5726,Accepted,,,,,
5727,Accepted,,,,,
5728,Accepted,,,,,
5729,Accepted,,,,,
5730,Accepted,,,,,
5731,Accepted,,,,,
5732,Accepted,,,,,
5733,Accepted,,,,,
5734,Accepted,,,,,
5735,Accepted,,,,,
5736,Accepted,,,,,
5737,Accepted,,,,,
5738,Accepted,,,,,
5739,Accepted,,,,,
5740,Accepted,,,,,
5741,Accepted,,,,,
5742,Accepted,,,,,
5743,Accepted,,,,,
5744,Accepted,,,,,
5745,Accepted,,,,,
5746,Accepted,,,,,
5747,Accepted,,,,,
5748,Accepted,,,,,
5749,Accepted,,,,,
5750,Accepted,,,,,
5751,Accepted,,,,,
5752,Accepted,,,,,
5753,Accepted,,,,,
5754,Accepted,,,,,
5755,Accepted,,,,,
5756,Accepted,,,,,
5757,Accepted,,,,,
5758,Accepted,,,,,
5759,Accepted,,,,,
5760,Accepted,,,,,
5761,Accepted,,,,,
5762,Accepted,,,,,
5763,Accepted,,,,,
5764,Accepted,,,,,
5765,Accepted,,,,,
5766,Accepted,,,,,
5767,Accepted,,,,,
5768,Accepted,,,,,
5769,Accepted,,,,,
5770,Accepted,,,,,
5771,Accepted,,,,,
5772,Accepted,,,,,
5773,Accepted,,,,,
5774,Accepted,,,,,
5775,Accepted,,,,,
5776,Accepted,,,,,
5777,Accepted,,,,,
5778,Accepted,,,,,
5779,Accepted,,,,,
5780,Accepted,,,,,
5781,Accepted,,,,,
5782,Accepted,,,,,
5783,Accepted,,,,,
5784,Accepted,,,,,
5785,Accepted,,,,,
5786,Accepted,,,,,
5787,Accepted,,,,,
5788,Accepted,,,,,
5789,Accepted,,,,,
5790,Accepted,,,,,
5791,Accepted,,,,,
5792,Accepted,,,,,
5793,Accepted,,,,,
5794,Accepted,,,,,
5795,Accepted,,,,,
5796,Accepted,,,,,
5797,Accepted,,,,,
5798,Accepted,,,,,
5799,Accepted,,,,,
5800,Accepted,,,,,
5801,Accepted,,,,,
5802,Accepted,,,,,
5803,Accepted,,,,,
5804,Accepted,,,,,
5805,Accepted,,,,,
5806,Accepted,,,,,
5807,Accepted,,,,,
5808,Accepted,,,,,
5809,Accepted,,,,,
5810,Accepted,,,,,
5811,Accepted,,,,,
5812,Accepted,,,,,
5813,Accepted,,,,,
5814,Accepted,,,,,
5815,Accepted,,,,,
5816,Accepted,,,,,
5817,Accepted,,,,,
5818,Accepted,,,,,
5819,Accepted,,,,,
5820,Accepted,,,,,
5821,Accepted,,,,,
5822,Accepted,,,,,
5823,Accepted,,,,,
5824,Accepted,,,,,
5825,Accepted,,,,,
5826,Accepted,,,,,
5827,Accepted,,,,,
5828,Accepted,,,,,
5829,Accepted,,,,,
5830,Accepted,,,,,
5831,Accepted,,,,,
5832,Accepted,,,,,
5833,Accepted,,,,,
5834,Accepted,,,,,
5835,Accepted,,,,,
5836,Accepted,,,,,
5837,Accepted,,,,,
5838,Accepted,,,,,
5839,Accepted,,,,,
5840,Accepted,,,,,
5841,Accepted,,,,,
5842,Accepted,,,,,
5843,Accepted,,,,,
5844,Accepted,,,,,
5845,Accepted,,,,,
5846,Accepted,,,,,
5847,Accepted,,,,,
5848,Accepted,,,,,
5849,Accepted,,,,,
5850,Accepted,,,,,
5851,Accepted,,,,,
5852,Accepted,,,,,
5853,Accepted,,,,,
5854,Accepted,,,,,
5855,Accepted,,,,,
5856,Accepted,,,,,
5857,Accepted,,,,,
5858,Accepted,,,,,
5859,Accepted,,,,,
5860,Accepted,,,,,
5861,Accepted,,,,,
5862,Accepted,,,,,
5863,Accepted,,,,,
5864,Accepted,,,,,
5865,Accepted,,,,,
5866,Accepted,,,,,
5867,Accepted,,,,,
5868,Accepted,,,,,
5869,Accepted,,,,,
5870,Accepted,,,,,
5871,Accepted,,,,,
5872,Accepted,,,,,
5873,Accepted,,,,,
5874,Accepted,,,,,
5875,Accepted,,,,,
5876,Accepted,,,,,
5877,Accepted,,,,,
5878,Accepted,,,,,
5879,Accepted,,,,,
5880,Accepted,,,,,
5881,Accepted,,,,,
5882,Accepted,,,,,
5883,Accepted,,,,,
5884,Accepted,,,,,
5885,Accepted,,,,,
5886,Accepted,,,,,
5887,Accepted,,,,,
5888,Accepted,,,,,
5889,Accepted,,,,,
5890,Accepted,,,,,
5891,Accepted,,,,,
5892,Accepted,,,,,
5893,Accepted,,,,,
5894,Accepted,,,,,
5895,Accepted,,,,,
5896,Accepted,,,,,
5897,Accepted,,,,,
5898,Accepted,,,,,
5899,Accepted,,,,,
5900,Accepted,,,,,
5901,Accepted,,,,,
5902,Accepted,,,,,
5903,Accepted,,,,,
5904,Accepted,,,,,
5905,Accepted,,,,,
5906,Accepted,,,,,
5907,Accepted,,,,,
5908,Accepted,,,,,
5909,Accepted,,,,,
5910,Accepted,,,,,
5911,Accepted,,,,,
5912,Accepted,,,,,
5913,Accepted,,,,,
5914,Accepted,,,,,
5915,Accepted,,,,,
5916,Accepted,,,,,
5917,Accepted,,,,,
5918,Accepted,,,,,
5919,Accepted,,,,,
5920,Accepted,,,,,
5921,Accepted,,,,,
5922,Accepted,,,,,
5923,Accepted,,,,,
5924,Accepted,,,,,
5925,Accepted,,,,,
5926,Accepted,,,,,
5927,Accepted,,,,,
5928,Accepted,,,,,
5929,Accepted,,,,,
5930,Accepted,,,,,
5931,Accepted,,,,,
5932,Accepted,,,,,
5933,Accepted,,,,,
5934,Accepted,,,,,
5935,Accepted,,,,,
5936,Accepted,,,,,
5937,Accepted,,,,,
5938,Accepted,,,,,
5939,Accepted,,,,,
5940,Accepted,,,,,
5941,Accepted,,,,,
5942,Accepted,,,,,
5943,Accepted,,,,,
5944,Accepted,,,,,
5945,Accepted,,,,,
5946,Accepted,,,,,
5947,Accepted,,,,,
5948,Accepted,,,,,
5949,Accepted,,,,,
5950,Accepted,,,,,
5951,Accepted,,,,,
5952,Accepted,,,,,
5953,Accepted,,,,,
5954,Accepted,,,,,
5955,Accepted,,,,,
5956,Accepted,,,,,
5957,Accepted,,,,,
5958,Accepted,,,,,
5959,Accepted,,,,,
5960,Accepted,,,,,
5961,Accepted,,,,,
5962,Accepted,,,,,
5963,Accepted,,,,,
5964,Accepted,,,,,
5965,Accepted,,,,,
5966,Accepted,,,,,
5967,Accepted,,,,,
5968,Accepted,,,,,
5969,Accepted,,,,,
5970,Accepted,,,,,
5971,Accepted,,,,,
5972,Accepted,,,,,
5973,Accepted,,,,,
5974,Accepted,,,,,
5975,Accepted,,,,,
5976,Accepted,,,,,
5977,Accepted,,,,,
5978,Accepted,,,,,
5979,Accepted,,,,,
5980,Accepted,,,,,
5981,Accepted,,,,,
5982,Accepted,,,,,
5983,Accepted,,,,,
5984,Accepted,,,,,
5985,Accepted,,,,,
5986,Accepted,,,,,
5987,Accepted,,,,,
5988,Accepted,,,,,
5989,Accepted,,,,,
5990,Accepted,,,,,
5991,Accepted,,,,,
5992,Accepted,,,,,
5993,Accepted,,,,,
5994,Accepted,,,,,
5995,Accepted,,,,,
5996,Accepted,,,,,
5997,Accepted,,,,,
5998,Accepted,,,,,
5999,Accepted,,,,,
6000,Accepted,,,,,
6001,Accepted,,,,,
6002,Accepted,,,,,
6003,Accepted,,,,,
6004,Accepted,,,,,
6005,Accepted,,,,,
6006,Accepted,,,,,
6007,Accepted,,,,,
6008,Accepted,,,,,
6009,Accepted,,,,,
6010,Accepted,,,,,
6011,Accepted,,,,,
6012,Accepted,,,,,
6013,Accepted,,,,,
6014,Accepted,,,,,
6015,Accepted,,,,,
6016,Accepted,,,,,
6017,Accepted,,,,,
6018,Accepted,,,,,
6019,Accepted,,,,,
6020,Accepted,,,,,
6021,Accepted,,,,,
6022,Accepted,,,,,
6023,Accepted,,,,,
6024,Accepted,,,,,
6025,Accepted,,,,,
6026,Accepted,,,,,
6027,Accepted,,,,,
6028,Accepted,,,,,
6029,Accepted,,,,,
6030,Accepted,,,,,
6031,Accepted,,,,,
6032,Accepted,,,,,
6033,Accepted,,,,,
6034,Accepted,,,,,
6035,Accepted,,,,,
6036,Accepted,,,,,
6037,Accepted,,,,,
6038,Accepted,,,,,
6039,Accepted,,,,,
6040,Accepted,,,,,
6041,Accepted,,,,,
6042,Accepted,,,,,
6043,Accepted,,,,,
6044,Accepted,,,,,
6045,Accepted,,,,,
6046,Accepted,,,,,
6047,Accepted,,,,,
6048,Accepted,,,,,
6049,Accepted,,,,,
6050,Accepted,,,,,
6051,Accepted,,,,,
6052,Accepted,,,,,
6053,Accepted,,,,,
6054,Accepted,,,,,
6055,Accepted,,,,,
6056,Accepted,,,,,
6057,Accepted,,,,,
6058,Accepted,,,,,
6059,Accepted,,,,,
6060,Accepted,,,,,
6061,Accepted,,,,,
6062,Accepted,,,,,
6063,Accepted,,,,,
6064,Accepted,,,,,
6065,Accepted,,,,,
6066,Accepted,,,,,
6067,Accepted,,,,,
6068,Accepted,,,,,
6069,Accepted,,,,,
6070,Accepted,,,,,
6071,Accepted,,,,,
6072,Accepted,,,,,
6073,Accepted,,,,,
6074,Accepted,,,,,
6075,Accepted,,,,,
6076,Accepted,,,,,
6077,Accepted,,,,,
6078,Accepted,,,,,
6079,Accepted,,,,,
6080,Accepted,,,,,
6081,Accepted,,,,,
6082,Accepted,,,,,
6083,Accepted,,,,,
6084,Accepted,,,,,
6085,Accepted,,,,,
6086,Accepted,,,,,
6087,Accepted,,,,,
6088,Accepted,,,,,
6089,Accepted,,,,,
6090,Accepted,,,,,
6091,Accepted,,,,,
6092,Accepted,,,,,
6093,Accepted,,,,,
6094,Accepted,,,,,
6095,Accepted,,,,,
6096,Accepted,,,,,
6097,Accepted,,,,,
6098,Accepted,,,,,
6099,Accepted,,,,,
6100,Accepted,,,,,
6101,Accepted,,,,,
6102,Accepted,,,,,
6103,Accepted,,,,,
6104,Accepted,,,,,
6105,Accepted,,,,,
6106,Accepted,,,,,
6107,Accepted,,,,,
6108,Accepted,,,,,
6109,Accepted,,,,,
6110,Accepted,,,,,
6111,Accepted,,,,,
6112,Accepted,,,,,
6113,Accepted,,,,,
6114,Accepted,,,,,
6115,Accepted,,,,,
6116,Accepted,,,,,
6117,Accepted,,,,,
6118,Accepted,,,,,
6119,Accepted,,,,,
6120,Accepted,,,,,
6121,Accepted,,,,,
6122,Accepted,,,,,
6123,Accepted,,,,,
6124,Accepted,,,,,
6125,Accepted,,,,,
6126,Accepted,,,,,
6127,Accepted,,,,,
6128,Accepted,,,,,
6129,Accepted,,,,,
6130,Accepted,,,,,
6131,Accepted,,,,,
6132,Accepted,,,,,
6133,Accepted,,,,,
6134,Accepted,,,,,
6135,Accepted,,,,,
6136,Accepted,,,,,
6137,Accepted,,,,,
6138,Accepted,,,,,
6139,Accepted,,,,,
6140,Accepted,,,,,
6141,Accepted,,,,,
6142,Accepted,,,,,
6143,Accepted,,,,,
6144,Accepted,,,,,
6145,Accepted,,,,,
6146,Accepted,,,,,
6147,Accepted,,,,,
6148,Accepted,,,,,
6149,Accepted,,,,,
6150,Accepted,,,,,
6151,Accepted,,,,,
6152,Accepted,,,,,
6153,Accepted,,,,,
6154,Accepted,,,,,
6155,Accepted,,,,,
6156,Accepted,,,,,
6157,Accepted,,,,,
6158,Accepted,,,,,
6159,Accepted,,,,,
6160,Accepted,,,,,
6161,Accepted,,,,,
6162,Accepted,,,,,
6163,Accepted,,,,,
6164,Accepted,,,,,
6165,Accepted,,,,,
6166,Accepted,,,,,
6167,Accepted,,,,,
6168,Accepted,,,,,
6169,Accepted,,,,,
6170,Accepted,,,,,
6171,Accepted,,,,,
6172,Accepted,,,,,
6173,Accepted,,,,,
6174,Accepted,,,,,
6175,Accepted,,,,,
6176,Accepted,,,,,
6177,Accepted,,,,,
6178,Accepted,,,,,
6179,Accepted,,,,,
6180,Accepted,,,,,
6181,Accepted,,,,,
6182,Accepted,,,,,
6183,Accepted,,,,,
6184,Accepted,,,,,
6185,Accepted,,,,,
6186,Accepted,,,,,
6187,Accepted,,,,,
6188,Accepted,,,,,
6189,Accepted,,,,,
6190,Accepted,,,,,
6191,Accepted,,,,,
6192,Accepted,,,,,
6193,Accepted,,,,,
6194,Accepted,,,,,
6195,Accepted,,,,,
6196,Accepted,,,,,
6197,Accepted,,,,,
6198,Accepted,,,,,
6199,Accepted,,,,,
6200,Accepted,,,,,
6201,Accepted,,,,,
6202,Accepted,,,,,
6203,Accepted,,,,,
6204,Accepted,,,,,
6205,Accepted,,,,,
6206,Accepted,,,,,
6207,Accepted,,,,,
6208,Accepted,,,,,
6209,Accepted,,,,,
6210,Accepted,,,,,
6211,Accepted,,,,,
6212,Accepted,,,,,
6213,Accepted,,,,,
6214,Accepted,,,,,
6215,Accepted,,,,,
6216,Accepted,,,,,
6217,Accepted,,,,,
6218,Accepted,,,,,
6219,Accepted,,,,,
6220,Accepted,,,,,
6221,Accepted,,,,,
6222,Accepted,,,,,
6223,Accepted,,,,,
6224,Accepted,,,,,
6225,Accepted,,,,,
6226,Accepted,,,,,
6227,Accepted,,,,,
6228,Accepted,,,,,
6229,Accepted,,,,,
6230,Accepted,,,,,
6231,Accepted,,,,,
6232,Accepted,,,,,
6233,Accepted,,,,,
6234,Accepted,,,,,
6235,Accepted,,,,,
6236,Accepted,,,,,
6237,Accepted,,,,,
6238,Accepted,,,,,
6239,Accepted,,,,,
6240,Accepted,,,,,
6241,Accepted,,,,,
6242,Accepted,,,,,
6243,Accepted,,,,,
6244,Accepted,,,,,
6245,Accepted,,,,,
6246,Accepted,,,,,
6247,Accepted,,,,,
6248,Accepted,,,,,
6249,Accepted,,,,,
6250,Accepted,,,,,
6251,Accepted,,,,,
6252,Accepted,,,,,
6253,Accepted,,,,,
6254,Accepted,,,,,
6255,Accepted,,,,,
6256,Accepted,,,,,
6257,Accepted,,,,,
6258,Accepted,,,,,
6259,Accepted,,,,,
6260,Accepted,,,,,
6261,Accepted,,,,,
6262,Accepted,,,,,
6263,Accepted,,,,,
6264,Accepted,,,,,
6265,Accepted,,,,,
6266,Accepted,,,,,
6267,Accepted,,,,,
6268,Accepted,,,,,
6269,Accepted,,,,,
6270,Accepted,,,,,
6271,Accepted,,,,,
6272,Accepted,,,,,
6273,Accepted,,,,,
6274,Accepted,,,,,
6275,Accepted,,,,,
6276,Accepted,,,,,
6277,Accepted,,,,,
6278,Accepted,,,,,
6279,Accepted,,,,,
6280,Accepted,,,,,
6281,Accepted,,,,,
6282,Accepted,,,,,
6283,Accepted,,,,,
6284,Accepted,,,,,
6285,Accepted,,,,,
6286,Accepted,,,,,
6287,Accepted,,,,,
6288,Accepted,,,,,
6289,Accepted,,,,,
6290,Accepted,,,,,
6291,Accepted,,,,,
6292,Accepted,,,,,
6293,Accepted,,,,,
6294,Accepted,,,,,
6295,Accepted,,,,,
6296,Accepted,,,,,
6297,Accepted,,,,,
6298,Accepted,,,,,
6299,Accepted,,,,,
6300,Accepted,,,,,
6301,Accepted,,,,,
6302,Accepted,,,,,
6303,Accepted,,,,,
6304,Accepted,,,,,
6305,Accepted,,,,,
6306,Accepted,,,,,
6307,Accepted,,,,,
6308,Accepted,,,,,
6309,Accepted,,,,,
6310,Accepted,,,,,
6311,Accepted,,,,,
6312,Accepted,,,,,
6313,Accepted,,,,,
6314,Accepted,,,,,
6315,Accepted,,,,,
6316,Accepted,,,,,
6317,Accepted,,,,,
6318,Accepted,,,,,
6319,Accepted,,,,,
6320,Accepted,,,,,
6321,Accepted,,,,,
6322,Accepted,,,,,
6323,Accepted,,,,,
6324,Accepted,,,,,
6325,Accepted,,,,,
6326,Accepted,,,,,
6327,Accepted,,,,,
6328,Accepted,,,,,
6329,Accepted,,,,,
6330,Accepted,,,,,
6331,Accepted,,,,,
6332,Accepted,,,,,
6333,Accepted,,,,,
6334,Accepted,,,,,
6335,Accepted,,,,,
6336,Accepted,,,,,
6337,Accepted,,,,,
6338,Accepted,,,,,
6339,Accepted,,,,,
6340,Accepted,,,,,
6341,Accepted,,,,,
6342,Accepted,,,,,
6343,Accepted,,,,,
6344,Accepted,,,,,
6345,Accepted,,,,,
6346,Accepted,,,,,
6347,Accepted,,,,,
6348,Accepted,,,,,
6349,Accepted,,,,,
6350,Accepted,,,,,
6351,Accepted,,,,,
6352,Accepted,,,,,
6353,Accepted,,,,,
6354,Accepted,,,,,
6355,Accepted,,,,,
6356,Accepted,,,,,
6357,Accepted,,,,,
6358,Accepted,,,,,
6359,Accepted,,,,,
6360,Accepted,,,,,
6361,Accepted,,,,,
6362,Accepted,,,,,
6363,Accepted,,,,,
6364,Accepted,,,,,
6365,Accepted,,,,,
6366,Accepted,,,,,
6367,Accepted,,,,,
6368,Accepted,,,,,
6369,Accepted,,,,,
6370,Accepted,,,,,
6371,Accepted,,,,,
6372,Accepted,,,,,
6373,Accepted,,,,,
6374,Accepted,,,,,
6375,Accepted,,,,,
6376,Accepted,,,,,
6377,Accepted,,,,,
6378,Accepted,,,,,
6379,Accepted,,,,,
6380,Accepted,,,,,
6381,Accepted,,,,,
6382,Accepted,,,,,
6383,Accepted,,,,,
6384,Accepted,,,,,
6385,Accepted,,,,,
6386,Accepted,,,,,
6387,Accepted,,,,,
6388,Accepted,,,,,
6389,Accepted,,,,,
6390,Accepted,,,,,
6391,Accepted,,,,,
6392,Accepted,,,,,
6393,Accepted,,,,,
6394,Accepted,,,,,
6395,Accepted,,,,,
6396,Accepted,,,,,
6397,Accepted,,,,,
6398,Accepted,,,,,
6399,Accepted,,,,,
6400,Accepted,,,,,
6401,Accepted,,,,,
6402,Accepted,,,,,
6403,Accepted,,,,,
6404,Accepted,,,,,
6405,Accepted,,,,,
6406,Accepted,,,,,
6407,Accepted,,,,,
6408,Accepted,,,,,
6409,Accepted,,,,,
6410,Accepted,,,,,
6411,Accepted,,,,,
6412,Accepted,,,,,
6413,Accepted,,,,,
6414,Accepted,,,,,
6415,Accepted,,,,,
6416,Accepted,,,,,
6417,Accepted,,,,,
6418,Accepted,,,,,
6419,Accepted,,,,,
6420,Accepted,,,,,
6421,Accepted,,,,,
6422,Accepted,,,,,
6423,Accepted,,,,,
6424,Accepted,,,,,
6425,Accepted,,,,,
6426,Accepted,,,,,
6427,Accepted,,,,,
6428,Accepted,,,,,
6429,Accepted,,,,,
6430,Accepted,,,,,
6431,Accepted,,,,,
6432,Accepted,,,,,
6433,Accepted,,,,,
6434,Accepted,,,,,
6435,Accepted,,,,,
6436,Accepted,,,,,
6437,Accepted,,,,,
6438,Accepted,,,,,
6439,Accepted,,,,,
6440,Accepted,,,,,
6441,Accepted,,,,,
6442,Accepted,,,,,
6443,Accepted,,,,,
6444,Accepted,,,,,
6445,Accepted,,,,,
6446,Accepted,,,,,
6447,Accepted,,,,,
6448,Accepted,,,,,
6449,Accepted,,,,,
6450,Accepted,,,,,
6451,Accepted,,,,,
6452,Accepted,,,,,
6453,Accepted,,,,,
6454,Accepted,,,,,
6455,Accepted,,,,,
6456,Accepted,,,,,
6457,Accepted,,,,,
6458,Accepted,,,,,
6459,Accepted,,,,,
6460,Accepted,,,,,
6461,Accepted,,,,,
6462,Accepted,,,,,
6463,Accepted,,,,,
6464,Accepted,,,,,
6465,Accepted,,,,,
6466,Accepted,,,,,
6467,Accepted,,,,,
6468,Accepted,,,,,
6469,Accepted,,,,,
6470,Accepted,,,,,
6471,Accepted,,,,,
6472,Accepted,,,,,
6473,Accepted,,,,,
6474,Accepted,,,,,
6475,Accepted,,,,,
6476,Accepted,,,,,
6477,Accepted,,,,,
6478,Accepted,,,,,
6479,Accepted,,,,,
6480,Accepted,,,,,
6481,Accepted,,,,,
6482,Accepted,,,,,
6483,Accepted,,,,,
6484,Accepted,,,,,
6485,Accepted,,,,,
6486,Accepted,,,,,
6487,Accepted,,,,,
6488,Accepted,,,,,
6489,Accepted,,,,,
6490,Accepted,,,,,
6491,Accepted,,,,,
6492,Accepted,,,,,
6493,Accepted,,,,,
6494,Accepted,,,,,
6495,Accepted,,,,,
6496,Accepted,,,,,
6497,Accepted,,,,,
6498,Accepted,,,,,
6499,Accepted,,,,,
6500,Accepted,,,,,
6501,Accepted,,,,,
6502,Accepted,,,,,
6503,Accepted,,,,,
6504,Accepted,,,,,
6505,Accepted,,,,,
6506,Accepted,,,,,
6507,Accepted,,,,,
6508,Accepted,,,,,
6509,Accepted,,,,,
6510,Accepted,,,,,
6511,Accepted,,,,,
6512,Accepted,,,,,
6513,Accepted,,,,,
6514,Accepted,,,,,
6515,Accepted,,,,,
6516,Accepted,,,,,
6517,Accepted,,,,,
6518,Accepted,,,,,
6519,Accepted,,,,,
6520,Accepted,,,,,
6521,Accepted,,,,,
6522,Accepted,,,,,
6523,Accepted,,,,,
6524,Accepted,,,,,
6525,Accepted,,,,,
6526,Accepted,,,,,
6527,Accepted,,,,,
6528,Accepted,,,,,
6529,Accepted,,,,,
6530,Accepted,,,,,
6531,Accepted,,,,,
6532,Accepted,,,,,
6533,Accepted,,,,,
6534,Accepted,,,,,
6535,Accepted,,,,,
6536,Accepted,,,,,
6537,Accepted,,,,,
6538,Accepted,,,,,
6539,Accepted,,,,,
6540,Accepted,,,,,
6541,Accepted,,,,,
6542,Accepted,,,,,
6543,Accepted,,,,,
6544,Accepted,,,,,
6545,Accepted,,,,,
6546,Accepted,,,,,
6547,Accepted,,,,,
6548,Accepted,,,,,
6549,Accepted,,,,,
6550,Accepted,,,,,
6551,Accepted,,,,,
6552,Accepted,,,,,
6553,Accepted,,,,,
6554,Accepted,,,,,
6555,Accepted,,,,,
6556,Accepted,,,,,
6557,Accepted,,,,,
6558,Accepted,,,,,
6559,Accepted,,,,,
6560,Accepted,,,,,
6561,Accepted,,,,,
6562,Accepted,,,,,
6563,Accepted,,,,,
6564,Accepted,,,,,
6565,Accepted,,,,,
6566,Accepted,,,,,
6567,Accepted,,,,,
6568,Accepted,,,,,
6569,Accepted,,,,,
6570,Accepted,,,,,
6571,Accepted,,,,,
6572,Accepted,,,,,
6573,Accepted,,,,,
6574,Accepted,,,,,
6575,Accepted,,,,,
6576,Accepted,,,,,
6577,Accepted,,,,,
6578,Accepted,,,,,
6579,Accepted,,,,,
6580,Accepted,,,,,
6581,Accepted,,,,,
6582,Accepted,,,,,
6583,Accepted,,,,,
6584,Accepted,,,,,
6585,Accepted,,,,,
6586,Accepted,,,,,
6587,Accepted,,,,,
6588,Accepted,,,,,
6589,Accepted,,,,,
6590,Accepted,,,,,
6591,Accepted,,,,,
6592,Accepted,,,,,
6593,Accepted,,,,,
6594,Accepted,,,,,
6595,Accepted,,,,,
6596,Accepted,,,,,
6597,Accepted,,,,,
6598,Accepted,,,,,
6599,Accepted,,,,,
6600,Accepted,,,,,
6601,Accepted,,,,,
6602,Accepted,,,,,
6603,Accepted,,,,,
6604,Accepted,,,,,
6605,Accepted,,,,,
6606,Accepted,,,,,
6607,Accepted,,,,,
6608,Accepted,,,,,
6609,Accepted,,,,,
6610,Accepted,,,,,
6611,Accepted,,,,,
6612,Accepted,,,,,
6613,Accepted,,,,,
6614,Accepted,,,,,
6615,Accepted,,,,,
6616,Accepted,,,,,
6617,Accepted,,,,,
6618,Accepted,,,,,
6619,Accepted,,,,,
6620,Accepted,,,,,
6621,Accepted,,,,,
6622,Accepted,,,,,
6623,Accepted,,,,,
6624,Accepted,,,,,
6625,Accepted,,,,,
6626,Accepted,,,,,
6627,Accepted,,,,,
6628,Accepted,,,,,
6629,Accepted,,,,,
6630,Accepted,,,,,
6631,Accepted,,,,,
6632,Accepted,,,,,
6633,Accepted,,,,,
6634,Accepted,,,,,
6635,Accepted,,,,,
6636,Accepted,,,,,
6637,Accepted,,,,,
6638,Accepted,,,,,
6639,Accepted,,,,,
6640,Accepted,,,,,
6641,Accepted,,,,,
6642,Accepted,,,,,
6643,Accepted,,,,,
6644,Accepted,,,,,
6645,Accepted,,,,,
6646,Accepted,,,,,
6647,Accepted,,,,,
6648,Accepted,,,,,
6649,Accepted,,,,,
6650,Accepted,,,,,
6651,Accepted,,,,,
6652,Accepted,,,,,
6653,Accepted,,,,,
6654,Accepted,,,,,
6655,Accepted,,,,,
6656,Accepted,,,,,
6657,Accepted,,,,,
6658,Accepted,,,,,
6659,Accepted,,,,,
6660,Accepted,,,,,
6661,Accepted,,,,,
6662,Accepted,,,,,
6663,Accepted,,,,,
6664,Accepted,,,,,
6665,Accepted,,,,,
6666,Accepted,,,,,
6667,Accepted,,,,,
6668,Accepted,,,,,
6669,Accepted,,,,,
6670,Accepted,,,,,
6671,Accepted,,,,,
6672,Accepted,,,,,
6673,Accepted,,,,,
6674,Accepted,,,,,
6675,Accepted,,,,,
6676,Accepted,,,,,
6677,Accepted,,,,,
6678,Accepted,,,,,
6679,Accepted,,,,,
6680,Accepted,,,,,
6681,Accepted,,,,,
6682,Accepted,,,,,
6683,Accepted,,,,,
6684,Accepted,,,,,
6685,Accepted,,,,,
6686,Accepted,,,,,
6687,Accepted,,,,,
6688,Accepted,,,,,
6689,Accepted,,,,,
6690,Accepted,,,,,
6691,Accepted,,,,,
6692,Accepted,,,,,
6693,Accepted,,,,,
6694,Accepted,,,,,
6695,Accepted,,,,,
6696,Accepted,,,,,
6697,Accepted,,,,,
6698,Accepted,,,,,
6699,Accepted,,,,,
6700,Accepted,,,,,
6701,Accepted,,,,,
6702,Accepted,,,,,
6703,Accepted,,,,,
6704,Accepted,,,,,
6705,Accepted,,,,,
6706,Accepted,,,,,
6707,Accepted,,,,,
6708,Accepted,,,,,
6709,Accepted,,,,,
6710,Accepted,,,,,
6711,Accepted,,,,,
6712,Accepted,,,,,
6713,Accepted,,,,,
6714,Accepted,,,,,
6715,Accepted,,,,,
6716,Accepted,,,,,
6717,Accepted,,,,,
6718,Accepted,,,,,
6719,Accepted,,,,,
6720,Accepted,,,,,
6721,Accepted,,,,,
6722,Accepted,,,,,
6723,Accepted,,,,,
6724,Accepted,,,,,
6725,Accepted,,,,,
6726,Accepted,,,,,
6727,Accepted,,,,,
6728,Accepted,,,,,
6729,Accepted,,,,,
6730,Accepted,,,,,
6731,Accepted,,,,,
6732,Accepted,,,,,
6733,Accepted,,,,,
6734,Accepted,,,,,
6735,Accepted,,,,,
6736,Accepted,,,,,
6737,Accepted,,,,,
6738,Accepted,,,,,
6739,Accepted,,,,,
6740,Accepted,,,,,
6741,Accepted,,,,,
6742,Accepted,,,,,
6743,Accepted,,,,,
6744,Accepted,,,,,
6745,Accepted,,,,,
6746,Accepted,,,,,
6747,Accepted,,,,,
6748,Accepted,,,,,
6749,Accepted,,,,,
6750,Accepted,,,,,
6751,Accepted,,,,,
6752,Accepted,,,,,
6753,Accepted,,,,,
6754,Accepted,,,,,
6755,Accepted,,,,,
6756,Accepted,,,,,
6757,Accepted,,,,,
6758,Accepted,,,,,
6759,Accepted,,,,,
6760,Accepted,,,,,
6761,Accepted,,,,,
6762,Accepted,,,,,
6763,Accepted,,,,,
6764,Accepted,,,,,
6765,Accepted,,,,,
6766,Accepted,,,,,
6767,Accepted,,,,,
6768,Accepted,,,,,
6769,Accepted,,,,,
6770,Accepted,,,,,
6771,Accepted,,,,,
6772,Accepted,,,,,
6773,Accepted,,,,,
6774,Accepted,,,,,
6775,Accepted,,,,,
6776,Accepted,,,,,
6777,Accepted,,,,,
6778,Accepted,,,,,
6779,Accepted,,,,,
6780,Accepted,,,,,
6781,Accepted,,,,,
6782,Accepted,,,,,
6783,Accepted,,,,,
6784,Accepted,,,,,
6785,Accepted,,,,,
6786,Accepted,,,,,
6787,Accepted,,,,,
6788,Accepted,,,,,
6789,Accepted,,,,,
6790,Accepted,,,,,
6791,Accepted,,,,,
6792,Accepted,,,,,
6793,Accepted,,,,,
6794,Accepted,,,,,
6795,Accepted,,,,,
6796,Accepted,,,,,
6797,Accepted,,,,,
6798,Accepted,,,,,
6799,Accepted,,,,,
6800,Accepted,,,,,
6801,Accepted,,,,,
6802,Accepted,,,,,
6803,Accepted,,,,,
6804,Accepted,,,,,
6805,Accepted,,,,,
6806,Accepted,,,,,
6807,Accepted,,,,,
6808,Accepted,,,,,
6809,Accepted,,,,,
6810,Accepted,,,,,
6811,Accepted,,,,,
6812,Accepted,,,,,
6813,Accepted,,,,,
6814,Accepted,,,,,
6815,Accepted,,,,,
6816,Accepted,,,,,
6817,Accepted,,,,,
6818,Accepted,,,,,
6819,Accepted,,,,,
6820,Accepted,,,,,
6821,Accepted,,,,,
6822,Accepted,,,,,
6823,Accepted,,,,,
6824,Accepted,,,,,
6825,Accepted,,,,,
6826,Accepted,,,,,
6827,Accepted,,,,,
6828,Accepted,,,,,
6829,Accepted,,,,,
6830,Accepted,,,,,
6831,Accepted,,,,,
6832,Accepted,,,,,
6833,Accepted,,,,,
6834,Accepted,,,,,
6835,Accepted,,,,,
6836,Accepted,,,,,
6837,Accepted,,,,,
6838,Accepted,,,,,
6839,Accepted,,,,,
6840,Accepted,,,,,
6841,Accepted,,,,,
6842,Accepted,,,,,
6843,Accepted,,,,,
6844,Accepted,,,,,
6845,Accepted,,,,,
6846,Accepted,,,,,
6847,Accepted,,,,,
6848,Accepted,,,,,
6849,Accepted,,,,,
6850,Accepted,,,,,
6851,Accepted,,,,,
6852,Accepted,,,,,
6853,Accepted,,,,,
6854,Accepted,,,,,
6855,Accepted,,,,,
6856,Accepted,,,,,
6857,Accepted,,,,,
6858,Accepted,,,,,
6859,Accepted,,,,,
6860,Accepted,,,,,
6861,Accepted,,,,,
6862,Accepted,,,,,
6863,Accepted,,,,,
6864,Accepted,,,,,
6865,Accepted,,,,,
6866,Accepted,,,,,
6867,Accepted,,,,,
6868,Accepted,,,,,
6869,Accepted,,,,,
6870,Accepted,,,,,
6871,Accepted,,,,,
6872,Accepted,,,,,
6873,Accepted,,,,,
6874,Accepted,,,,,
6875,Accepted,,,,,
6876,Accepted,,,,,
6877,Accepted,,,,,
6878,Accepted,,,,,
6879,Accepted,,,,,
6880,Accepted,,,,,
6881,Accepted,,,,,
6882,Accepted,,,,,
6883,Accepted,,,,,
6884,Accepted,,,,,
6885,Accepted,,,,,
6886,Accepted,,,,,
6887,Accepted,,,,,
6888,Accepted,,,,,
6889,Accepted,,,,,
6890,Accepted,,,,,
6891,Accepted,,,,,
6892,Accepted,,,,,
6893,Accepted,,,,,
6894,Accepted,,,,,
6895,Accepted,,,,,
6896,Accepted,,,,,
6897,Accepted,,,,,
6898,Accepted,,,,,
6899,Accepted,,,,,
6900,Accepted,,,,,
6901,Accepted,,,,,
6902,Accepted,,,,,
6903,Accepted,,,,,
6904,Accepted,,,,,
6905,Accepted,,,,,
6906,Accepted,,,,,
6907,Accepted,,,,,
6908,Accepted,,,,,
6909,Accepted,,,,,
6910,Accepted,,,,,
6911,Accepted,,,,,
6912,Accepted,,,,,
6913,Accepted,,,,,
6914,Accepted,,,,,
6915,Accepted,,,,,
6916,Accepted,,,,,
6917,Accepted,,,,,
6918,Accepted,,,,,
6919,Accepted,,,,,
6920,Accepted,,,,,
6921,Accepted,,,,,
6922,Accepted,,,,,
6923,Accepted,,,,,
6924,Accepted,,,,,
6925,Accepted,,,,,
6926,Accepted,,,,,
6927,Accepted,,,,,
6928,Accepted,,,,,
6929,Accepted,,,,,
6930,Accepted,,,,,
6931,Accepted,,,,,
6932,Accepted,,,,,
6933,Accepted,,,,,
6934,Accepted,,,,,
6935,Accepted,,,,,
6936,Accepted,,,,,
6937,Accepted,,,,,
6938,Accepted,,,,,
6939,Accepted,,,,,
6940,Accepted,,,,,
6941,Accepted,,,,,
6942,Accepted,,,,,
6943,Accepted,,,,,
6944,Accepted,,,,,
6945,Accepted,,,,,
6946,Accepted,,,,,
6947,Accepted,,,,,
6948,Accepted,,,,,
6949,Accepted,,,,,
6950,Accepted,,,,,
6951,Accepted,,,,,
6952,Accepted,,,,,
6953,Accepted,,,,,
6954,Accepted,,,,,
6955,Accepted,,,,,
6956,Accepted,,,,,
6957,Accepted,,,,,
6958,Accepted,,,,,
6959,Accepted,,,,,
6960,Accepted,,,,,
6961,Accepted,,,,,
6962,Accepted,,,,,
6963,Accepted,,,,,
6964,Accepted,,,,,
6965,Accepted,,,,,
6966,Accepted,,,,,
6967,Accepted,,,,,
6968,Accepted,,,,,
6969,Accepted,,,,,
6970,Accepted,,,,,
6971,Accepted,,,,,
6972,Accepted,,,,,
6973,Accepted,,,,,
6974,Accepted,,,,,
6975,Accepted,,,,,
6976,Accepted,,,,,
6977,Accepted,,,,,
6978,Accepted,,,,,
6979,Accepted,,,,,
6980,Accepted,,,,,
6981,Accepted,,,,,
6982,Accepted,,,,,
6983,Accepted,,,,,
6984,Accepted,,,,,
6985,Accepted,,,,,
6986,Accepted,,,,,
6987,Accepted,,,,,
6988,Accepted,,,,,
6989,Accepted,,,,,
6990,Accepted,,,,,
6991,Accepted,,,,,
6992,Accepted,,,,,
6993,Accepted,,,,,
6994,Accepted,,,,,
6995,Accepted,,,,,
6996,Accepted,,,,,
6997,Accepted,,,,,
6998,Accepted,,,,,
6999,Accepted,,,,,
7000,Accepted,,,,,
7001,Accepted,,,,,
7002,Accepted,,,,,
7003,Accepted,,,,,
7004,Accepted,,,,,
7005,Accepted,,,,,
7006,Accepted,,,,,
7007,Accepted,,,,,
7008,Accepted,,,,,
7009,Accepted,,,,,
7010,Accepted,,,,,
7011,Accepted,,,,,
7012,Accepted,,,,,
7013,Accepted,,,,,
7014,Accepted,,,,,
7015,Accepted,,,,,
7016,Accepted,,,,,
7017,Accepted,,,,,
7018,Accepted,,,,,
7019,Accepted,,,,,
7020,Accepted,,,,,
7021,Accepted,,,,,
7022,Accepted,,,,,
7023,Accepted,,,,,
7024,Accepted,,,,,
7025,Accepted,,,,,
7026,Accepted,,,,,
7027,Accepted,,,,,
7028,Accepted,,,,,
7029,Accepted,,,,,
7030,Accepted,,,,,
7031,Accepted,,,,,
7032,Accepted,,,,,
7033,Accepted,,,,,
7034,Accepted,,,,,
7035,Accepted,,,,,
7036,Accepted,,,,,
7037,Accepted,,,,,
7038,Accepted,,,,,
7039,Accepted,,,,,
7040,Accepted,,,,,
7041,Accepted,,,,,
7042,Accepted,,,,,
7043,Accepted,,,,,
7044,Accepted,,,,,
7045,Accepted,,,,,
7046,Accepted,,,,,
7047,Accepted,,,,,
7048,Accepted,,,,,
7049,Accepted,,,,,
7050,Accepted,,,,,
7051,Accepted,,,,,
7052,Accepted,,,,,
7053,Accepted,,,,,
7054,Accepted,,,,,
7055,Accepted,,,,,
7056,Accepted,,,,,
7057,Accepted,,,,,
7058,Accepted,,,,,
7059,Accepted,,,,,
7060,Accepted,,,,,
7061,Accepted,,,,,
7062,Accepted,,,,,
7063,Accepted,,,,,
7064,Accepted,,,,,
7065,Accepted,,,,,
7066,Accepted,,,,,
7067,Accepted,,,,,
7068,Accepted,,,,,
7069,Accepted,,,,,
7070,Accepted,,,,,
7071,Accepted,,,,,
7072,Accepted,,,,,
7073,Accepted,,,,,
7074,Accepted,,,,,
7075,Accepted,,,,,
7076,Accepted,,,,,
7077,Accepted,,,,,
7078,Accepted,,,,,
7079,Accepted,,,,,
7080,Accepted,,,,,
7081,Accepted,,,,,
7082,Accepted,,,,,
7083,Accepted,,,,,
7084,Accepted,,,,,
7085,Accepted,,,,,
7086,Accepted,,,,,
7087,Accepted,,,,,
7088,Accepted,,,,,
7089,Accepted,,,,,
7090,Accepted,,,,,
7091,Accepted,,,,,
7092,Accepted,,,,,
7093,Accepted,,,,,
7094,Accepted,,,,,
7095,Accepted,,,,,
7096,Accepted,,,,,
7097,Accepted,,,,,
7098,Accepted,,,,,
7099,Accepted,,,,,
7100,Accepted,,,,,
7101,Accepted,,,,,
7102,Accepted,,,,,
7103,Accepted,,,,,
7104,Accepted,,,,,
7105,Accepted,,,,,
7106,Accepted,,,,,
7107,Accepted,,,,,
7108,Accepted,,,,,
7109,Accepted,,,,,
7110,Accepted,,,,,
7111,Accepted,,,,,
7112,Accepted,,,,,
7113,Accepted,,,,,
7114,Accepted,,,,,
7115,Accepted,,,,,
7116,Accepted,,,,,
7117,Accepted,,,,,
7118,Accepted,,,,,
7119,Accepted,,,,,
7120,Accepted,,,,,
7121,Accepted,,,,,
7122,Accepted,,,,,
7123,Accepted,,,,,
7124,Accepted,,,,,
7125,Accepted,,,,,
7126,Accepted,,,,,
7127,Accepted,,,,,
7128,Accepted,,,,,
7129,Accepted,,,,,
7130,Accepted,,,,,
7131,Accepted,,,,,
7132,Accepted,,,,,
7133,Accepted,,,,,
7134,Accepted,,,,,
7135,Accepted,,,,,
7136,Accepted,,,,,
7137,Accepted,,,,,
7138,Accepted,,,,,
7139,Accepted,,,,,
7140,Accepted,,,,,
7141,Accepted,,,,,
7142,Accepted,,,,,
7143,Accepted,,,,,
7144,Accepted,,,,,
7145,Accepted,,,,,
7146,Accepted,,,,,
7147,Accepted,,,,,
7148,Accepted,,,,,
7149,Accepted,,,,,
7150,Accepted,,,,,
7151,Accepted,,,,,
7152,Accepted,,,,,
7153,Accepted,,,,,
7154,Accepted,,,,,
7155,Accepted,,,,,
7156,Accepted,,,,,
7157,Accepted,,,,,
7158,Accepted,,,,,
7159,Accepted,,,,,
7160,Accepted,,,,,
7161,Accepted,,,,,
7162,Accepted,,,,,
7163,Accepted,,,,,
7164,Accepted,,,,,
7165,Accepted,,,,,
7166,Accepted,,,,,
7167,Accepted,,,,,
7168,Accepted,,,,,
7169,Accepted,,,,,
7170,Accepted,,,,,
7171,Accepted,,,,,
7172,Accepted,,,,,
7173,Accepted,,,,,
7174,Accepted,,,,,
7175,Accepted,,,,,
7176,Accepted,,,,,
7177,Accepted,,,,,
7178,Accepted,,,,,
7179,Accepted,,,,,
7180,Accepted,,,,,
7181,Accepted,,,,,
7182,Accepted,,,,,
7183,Accepted,,,,,
7184,Accepted,,,,,
7185,Accepted,,,,,
7186,Accepted,,,,,
7187,Accepted,,,,,
7188,Accepted,,,,,
7189,Accepted,,,,,
7190,Accepted,,,,,
7191,Accepted,,,,,
7192,Accepted,,,,,
7193,Accepted,,,,,
7194,Accepted,,,,,
7195,Accepted,,,,,
7196,Accepted,,,,,
7197,Accepted,,,,,
7198,Accepted,,,,,
7199,Accepted,,,,,
7200,Accepted,,,,,
7201,Accepted,,,,,
7202,Accepted,,,,,
7203,Accepted,,,,,
7204,Accepted,,,,,
7205,Accepted,,,,,
7206,Accepted,,,,,
7207,Accepted,,,,,
7208,Accepted,,,,,
7209,Accepted,,,,,
7210,Accepted,,,,,
7211,Accepted,,,,,
7212,Accepted,,,,,
7213,Accepted,,,,,
7214,Accepted,,,,,
7215,Accepted,,,,,
7216,Accepted,,,,,
7217,Accepted,,,,,
7218,Accepted,,,,,
7219,Accepted,,,,,
7220,Accepted,,,,,
7221,Accepted,,,,,
7222,Accepted,,,,,
7223,Accepted,,,,,
7224,Accepted,,,,,
7225,Accepted,,,,,
7226,Accepted,,,,,
7227,Accepted,,,,,
7228,Accepted,,,,,
7229,Accepted,,,,,
7230,Accepted,,,,,
7231,Accepted,,,,,
7232,Accepted,,,,,
7233,Accepted,,,,,
7234,Accepted,,,,,
7235,Accepted,,,,,
7236,Accepted,,,,,
7237,Accepted,,,,,
7238,Accepted,,,,,
7239,Accepted,,,,,
7240,Accepted,,,,,
7241,Accepted,,,,,
7242,Accepted,,,,,
7243,Accepted,,,,,
7244,Accepted,,,,,
7245,Accepted,,,,,
7246,Accepted,,,,,
7247,Accepted,,,,,
7248,Accepted,,,,,
7249,Accepted,,,,,
7250,Accepted,,,,,
7251,Accepted,,,,,
7252,Accepted,,,,,
7253,Accepted,,,,,
7254,Accepted,,,,,
7255,Accepted,,,,,
7256,Accepted,,,,,
7257,Accepted,,,,,
7258,Accepted,,,,,
7259,Accepted,,,,,
7260,Accepted,,,,,
7261,Accepted,,,,,
7262,Accepted,,,,,
7263,Accepted,,,,,
7264,Accepted,,,,,
7265,Accepted,,,,,
7266,Accepted,,,,,
7267,Accepted,,,,,
7268,Accepted,,,,,
7269,Accepted,,,,,
7270,Accepted,,,,,
7271,Accepted,,,,,
7272,Accepted,,,,,
7273,Accepted,,,,,
7274,Accepted,,,,,
7275,Accepted,,,,,
7276,Accepted,,,,,
7277,Accepted,,,,,
7278,Accepted,,,,,
7279,Accepted,,,,,
7280,Accepted,,,,,
7281,Accepted,,,,,
7282,Accepted,,,,,
7283,Accepted,,,,,
7284,Accepted,,,,,
7285,Accepted,,,,,
7286,Accepted,,,,,
7287,Accepted,,,,,
7288,Accepted,,,,,
7289,Accepted,,,,,
7290,Accepted,,,,,
7291,Accepted,,,,,
7292,Accepted,,,,,
7293,Accepted,,,,,
7294,Accepted,,,,,
7295,Accepted,,,,,
7296,Accepted,,,,,
7297,Accepted,,,,,
7298,Accepted,,,,,
7299,Accepted,,,,,
7300,Accepted,,,,,
7301,Accepted,,,,,
7302,Accepted,,,,,
7303,Accepted,,,,,
7304,Accepted,,,,,
7305,Accepted,,,,,
7306,Accepted,,,,,
7307,Accepted,,,,,
7308,Accepted,,,,,
7309,Accepted,,,,,
7310,Accepted,,,,,
7311,Accepted,,,,,
7312,Accepted,,,,,
7313,Accepted,,,,,
7314,Accepted,,,,,
7315,Accepted,,,,,
7316,Accepted,,,,,
7317,Accepted,,,,,
7318,Accepted,,,,,
7319,Accepted,,,,,
7320,Accepted,,,,,
7321,Accepted,,,,,
7322,Accepted,,,,,
7323,Accepted,,,,,
7324,Accepted,,,,,
7325,Accepted,,,,,
7326,Accepted,,,,,
7327,Accepted,,,,,
7328,Accepted,,,,,
7329,Accepted,,,,,
7330,Accepted,,,,,
7331,Accepted,,,,,
7332,Accepted,,,,,
7333,Accepted,,,,,
7334,Accepted,,,,,
7335,Accepted,,,,,
7336,Accepted,,,,,
7337,Accepted,,,,,
7338,Accepted,,,,,
7339,Accepted,,,,,
7340,Accepted,,,,,
7341,Accepted,,,,,
7342,Accepted,,,,,
7343,Accepted,,,,,
7344,Accepted,,,,,
7345,Accepted,,,,,
7346,Accepted,,,,,
7347,Accepted,,,,,
7348,Accepted,,,,,
7349,Accepted,,,,,
7350,Accepted,,,,,
7351,Accepted,,,,,
7352,Accepted,,,,,
7353,Accepted,,,,,
7354,Accepted,,,,,
7355,Accepted,,,,,
7356,Accepted,,,,,
7357,Accepted,,,,,
7358,Accepted,,,,,
7359,Accepted,,,,,
7360,Accepted,,,,,
7361,Accepted,,,,,
7362,Accepted,,,,,
7363,Accepted,,,,,
7364,Accepted,,,,,
7365,Accepted,,,,,
7366,Accepted,,,,,
7367,Accepted,,,,,
7368,Accepted,,,,,
7369,Accepted,,,,,
7370,Accepted,,,,,
7371,Accepted,,,,,
7372,Accepted,,,,,
7373,Accepted,,,,,
7374,Accepted,,,,,
7375,Accepted,,,,,
7376,Accepted,,,,,
7377,Accepted,,,,,
7378,Accepted,,,,,
7379,Accepted,,,,,
7380,Accepted,,,,,
7381,Accepted,,,,,
7382,Accepted,,,,,
7383,Accepted,,,,,
7384,Accepted,,,,,
7385,Accepted,,,,,
7386,Accepted,,,,,
7387,Accepted,,,,,
7388,Accepted,,,,,
7389,Accepted,,,,,
7390,Accepted,,,,,
7391,Accepted,,,,,
7392,Accepted,,,,,
7393,Accepted,,,,,
7394,Accepted,,,,,
7395,Accepted,,,,,
7396,Accepted,,,,,
7397,Accepted,,,,,
7398,Accepted,,,,,
7399,Accepted,,,,,
7400,Accepted,,,,,
7401,Accepted,,,,,
7402,Accepted,,,,,
7403,Accepted,,,,,
7404,Accepted,,,,,
7405,Accepted,,,,,
7406,Accepted,,,,,
7407,Accepted,,,,,
7408,Accepted,,,,,
7409,Accepted,,,,,
7410,Accepted,,,,,
7411,Accepted,,,,,
7412,Accepted,,,,,
7413,Accepted,,,,,
7414,Accepted,,,,,
7415,Accepted,,,,,
7416,Accepted,,,,,
7417,Accepted,,,,,
7418,Accepted,,,,,
7419,Accepted,,,,,
7420,Accepted,,,,,
7421,Accepted,,,,,
7422,Accepted,,,,,
7423,Accepted,,,,,
7424,Accepted,,,,,
7425,Accepted,,,,,
7426,Accepted,,,,,
7427,Accepted,,,,,
7428,Accepted,,,,,
7429,Accepted,,,,,
7430,Accepted,,,,,
7431,Accepted,,,,,
7432,Accepted,,,,,
7433,Accepted,,,,,
7434,Accepted,,,,,
7435,Accepted,,,,,
7436,Accepted,,,,,
7437,Accepted,,,,,
7438,Accepted,,,,,
7439,Accepted,,,,,
7440,Accepted,,,,,
7441,Accepted,,,,,
7442,Accepted,,,,,
7443,Accepted,,,,,
7444,Accepted,,,,,
7445,Accepted,,,,,
7446,Accepted,,,,,
7447,Accepted,,,,,
7448,Accepted,,,,,
7449,Accepted,,,,,
7450,Accepted,,,,,
7451,Accepted,,,,,
7452,Accepted,,,,,
7453,Accepted,,,,,
7454,Accepted,,,,,
7455,Accepted,,,,,
7456,Accepted,,,,,
7457,Accepted,,,,,
7458,Accepted,,,,,
7459,Accepted,,,,,
7460,Accepted,,,,,
7461,Accepted,,,,,
7462,Accepted,,,,,
7463,Accepted,,,,,
7464,Accepted,,,,,
7465,Accepted,,,,,
7466,Accepted,,,,,
7467,Accepted,,,,,
7468,Accepted,,,,,
7469,Accepted,,,,,
7470,Accepted,,,,,
7471,Accepted,,,,,
7472,Accepted,,,,,
7473,Accepted,,,,,
7474,Accepted,,,,,
7475,Accepted,,,,,
7476,Accepted,,,,,
7477,Accepted,,,,,
7478,Accepted,,,,,
7479,Accepted,,,,,
7480,Accepted,,,,,
7481,Accepted,,,,,
7482,Accepted,,,,,
7483,Accepted,,,,,
7484,Accepted,,,,,
7485,Accepted,,,,,
7486,Accepted,,,,,
7487,Accepted,,,,,
7488,Accepted,,,,,
7489,Accepted,,,,,
7490,Accepted,,,,,
7491,Accepted,,,,,
7492,Accepted,,,,,
7493,Accepted,,,,,
7494,Accepted,,,,,
7495,Accepted,,,,,
7496,Accepted,,,,,
7497,Accepted,,,,,
7498,Accepted,,,,,
7499,Accepted,,,,,
7500,Accepted,,,,,
7501,Accepted,,,,,
7502,Accepted,,,,,
7503,Accepted,,,,,
7504,Accepted,,,,,
7505,Accepted,,,,,
7506,Accepted,,,,,
7507,Accepted,,,,,
7508,Accepted,,,,,
7509,Accepted,,,,,
7510,Accepted,,,,,
7511,Accepted,,,,,
7512,Accepted,,,,,
7513,Accepted,,,,,
7514,Accepted,,,,,
7515,Accepted,,,,,
7516,Accepted,,,,,
7517,Accepted,,,,,
7518,Accepted,,,,,
7519,Accepted,,,,,
7520,Accepted,,,,,
7521,Accepted,,,,,
7522,Accepted,,,,,
7523,Accepted,,,,,
7524,Accepted,,,,,
7525,Accepted,,,,,
7526,Accepted,,,,,
7527,Accepted,,,,,
7528,Accepted,,,,,
7529,Accepted,,,,,
7530,Accepted,,,,,
7531,Accepted,,,,,
7532,Accepted,,,,,
7533,Accepted,,,,,
7534,Accepted,,,,,
7535,Accepted,,,,,
7536,Accepted,,,,,
7537,Accepted,,,,,
7538,Accepted,,,,,
7539,Accepted,,,,,
7540,Accepted,,,,,
7541,Accepted,,,,,
7542,Accepted,,,,,
7543,Accepted,,,,,
7544,Accepted,,,,,
7545,Accepted,,,,,
7546,Accepted,,,,,
7547,Accepted,,,,,
7548,Accepted,,,,,
7549,Accepted,,,,,
7550,Accepted,,,,,
7551,Accepted,,,,,
7552,Accepted,,,,,
7553,Accepted,,,,,
7554,Accepted,,,,,
7555,Accepted,,,,,
7556,Accepted,,,,,
7557,Accepted,,,,,
7558,Accepted,,,,,
7559,Accepted,,,,,
7560,Accepted,,,,,
7561,Accepted,,,,,
7562,Accepted,,,,,
7563,Accepted,,,,,
7564,Accepted,,,,,
7565,Accepted,,,,,
7566,Accepted,,,,,
7567,Accepted,,,,,
7568,Accepted,,,,,
7569,Accepted,,,,,
7570,Accepted,,,,,
7571,Accepted,,,,,
7572,Accepted,,,,,
7573,Accepted,,,,,
7574,Accepted,,,,,
7575,Accepted,,,,,
7576,Accepted,,,,,
7577,Accepted,,,,,
7578,Accepted,,,,,
7579,Accepted,,,,,
7580,Accepted,,,,,
7581,Accepted,,,,,
7582,Accepted,,,,,
7583,Accepted,,,,,
7584,Accepted,,,,,
7585,Accepted,,,,,
7586,Accepted,,,,,
7587,Accepted,,,,,
7588,Accepted,,,,,
7589,Accepted,,,,,
7590,Accepted,,,,,
7591,Accepted,,,,,
7592,Accepted,,,,,
7593,Accepted,,,,,
7594,Accepted,,,,,
7595,Accepted,,,,,
7596,Accepted,,,,,
7597,Accepted,,,,,
7598,Accepted,,,,,
7599,Accepted,,,,,
7600,Accepted,,,,,
7601,Accepted,,,,,
7602,Accepted,,,,,
7603,Accepted,,,,,
7604,Accepted,,,,,
7605,Accepted,,,,,
7606,Accepted,,,,,
7607,Accepted,,,,,
7608,Accepted,,,,,
7609,Accepted,,,,,
7610,Accepted,,,,,
7611,Accepted,,,,,
7612,Accepted,,,,,
7613,Accepted,,,,,
7614,Accepted,,,,,
7615,Accepted,,,,,
7616,Accepted,,,,,
7617,Accepted,,,,,
7618,Accepted,,,,,
7619,Accepted,,,,,
7620,Accepted,,,,,
7621,Accepted,,,,,
7622,Accepted,,,,,
7623,Accepted,,,,,
7624,Accepted,,,,,
7625,Accepted,,,,,
7626,Accepted,,,,,
7627,Accepted,,,,,
7628,Accepted,,,,,
7629,Accepted,,,,,
7630,Accepted,,,,,
7631,Accepted,,,,,
7632,Accepted,,,,,
7633,Accepted,,,,,
7634,Accepted,,,,,
7635,Accepted,,,,,
7636,Accepted,,,,,
7637,Accepted,,,,,
7638,Accepted,,,,,
7639,Accepted,,,,,
7640,Accepted,,,,,
7641,Accepted,,,,,
7642,Accepted,,,,,
7643,Accepted,,,,,
7644,Accepted,,,,,
7645,Accepted,,,,,
7646,Accepted,,,,,
7647,Accepted,,,,,
7648,Accepted,,,,,
7649,Accepted,,,,,
7650,Accepted,,,,,
7651,Accepted,,,,,
7652,Accepted,,,,,
7653,Accepted,,,,,
7654,Accepted,,,,,
7655,Accepted,,,,,
7656,Accepted,,,,,
7657,Accepted,,,,,
7658,Accepted,,,,,
7659,Accepted,,,,,
7660,Accepted,,,,,
7661,Accepted,,,,,
7662,Accepted,,,,,
7663,Accepted,,,,,
7664,Accepted,,,,,
7665,Accepted,,,,,
7666,Accepted,,,,,
7667,Accepted,,,,,
7668,Accepted,,,,,
7669,Accepted,,,,,
7670,Accepted,,,,,
7671,Accepted,,,,,
7672,Accepted,,,,,
7673,Accepted,,,,,
7674,Accepted,,,,,
7675,Accepted,,,,,
7676,Accepted,,,,,
7677,Accepted,,,,,
7678,Accepted,,,,,
7679,Accepted,,,,,
7680,Accepted,,,,,
7681,Accepted,ID,ID-02-FMT,IdNumber,"ID number format is invalid for the specified ID type. Check the format requirements for PAN, Aadhaar, or Passport as applicable.",RejectSegment
7682,Accepted,,,,,
7683,Accepted,,,,,
7684,Accepted,,,,,
7685,Accepted,,,,,
7686,Accepted,,,,,
7687,Accepted,,,,,
7688,Accepted,,,,,
7689,Accepted,,,,,
7690,Accepted,,,,,
7691,Accepted,,,,,
7692,Accepted,,,,,
7693,Accepted,,,,,
7694,Accepted,,,,,
7695,Accepted,,,,,
7696,Accepted,,,,,
7697,Accepted,,,,,
7698,Accepted,,,,,
7699,Accepted,,,,,
7700,Accepted,,,,,
7701,Accepted,,,,,
7702,Accepted,,,,,
7703,Accepted,,,,,
7704,Accepted,,,,,
7705,Accepted,,,,,
7706,Accepted,,,,,
7707,Accepted,,,,,
7708,Accepted,,,,,
7709,Accepted,,,,,
7710,Accepted,,,,,
7711,Accepted,,,,,
7712,Accepted,,,,,
7713,Accepted,,,,,
7714,Accepted,,,,,
7715,Accepted,,,,,
7716,Accepted,,,,,
7717,Accepted,,,,,
7718,Accepted,,,,,
7719,Accepted,,,,,
7720,Accepted,,,,,
7721,Accepted,,,,,
7722,Accepted,,,,,
7723,Accepted,,,,,
7724,Accepted,,,,,
7725,Accepted,,,,,
7726,Accepted,,,,,
7727,Accepted,,,,,
7728,Accepted,,,,,
7729,Accepted,,,,,
7730,Accepted,,,,,
7731,Accepted,,,,,
7732,Accepted,,,,,
7733,Accepted,,,,,
7734,Accepted,,,,,
7735,Accepted,,,,,
7736,Accepted,,,,,
7737,Accepted,,,,,
7738,Accepted,,,,,
7739,Accepted,,,,,
7740,Accepted,,,,,
7741,Accepted,,,,,
7742,Accepted,,,,,
7743,Accepted,,,,,
7744,Accepted,,,,,
7745,Accepted,,,,,
7746,Accepted,,,,,
7747,Accepted,,,,,
7748,Accepted,,,,,
7749,Accepted,,,,,
7750,Accepted,,,,,
7751,Accepted,,,,,
7752,Accepted,,,,,
7753,Accepted,,,,,
7754,Accepted,,,,,
7755,Accepted,,,,,
7756,Accepted,,,,,
7757,Accepted,,,,,
7758,Accepted,,,,,
7759,Accepted,,,,,
7760,Accepted,,,,,
7761,Accepted,,,,,
7762,Accepted,,,,,
7763,Accepted,,,,,
7764,Accepted,,,,,
7765,Accepted,,,,,
7766,Accepted,,,,,
7767,Accepted,,,,,
7768,Accepted,,,,,
7769,Accepted,,,,,
7770,Accepted,,,,,
7771,Accepted,,,,,
7772,Accepted,,,,,
7773,Accepted,,,,,
7774,Accepted,,,,,
7775,Accepted,,,,,
7776,Accepted,,,,,
7777,Accepted,,,,,
7778,Accepted,,,,,
7779,Accepted,,,,,
7780,Accepted,,,,,
7781,Accepted,,,,,
7782,Accepted,,,,,
7783,Accepted,,,,,
7784,Accepted,,,,,
7785,Accepted,,,,,
7786,Accepted,,,,,
7787,Accepted,,,,,
7788,Accepted,,,,,
7789,Accepted,,,,,
7790,Accepted,,,,,
7791,Accepted,,,,,
7792,Accepted,,,,,
7793,Accepted,,,,,
7794,Accepted,,,,,
7795,Accepted,,,,,
7796,Accepted,,,,,
7797,Accepted,,,,,
7798,Accepted,,,,,
7799,Accepted,,,,,
7800,Accepted,,,,,
7801,Accepted,,,,,
7802,Accepted,,,,,
7803,Accepted,,,,,
7804,Accepted,,,,,
7805,Accepted,,,,,
7806,Accepted,,,,,
7807,Accepted,,,,,
7808,Accepted,,,,,
7809,Accepted,,,,,
7810,Accepted,,,,,
7811,Accepted,,,,,
7812,Accepted,,,,,
7813,Accepted,,,,,
7814,Accepted,,,,,
7815,Accepted,,,,,
7816,Accepted,,,,,
7817,Accepted,,,,,
7818,Accepted,,,,,
7819,Accepted,,,,,
7820,Accepted,,,,,
7821,Accepted,,,,,
7822,Accepted,,,,,
7823,Accepted,,,,,
7824,Accepted,,,,,
7825,Accepted,,,,,
7826,Accepted,,,,,
7827,Accepted,,,,,
7828,Accepted,,,,,
7829,Accepted,,,,,
7830,Accepted,,,,,
7831,Accepted,,,,,
7832,Accepted,,,,,
7833,Accepted,,,,,
7834,Accepted,,,,,
7835,Accepted,,,,,
7836,Accepted,,,,,
7837,Accepted,,,,,
7838,Accepted,,,,,
7839,Accepted,,,,,
7840,Accepted,,,,,
7841,Accepted,,,,,
7842,Accepted,,,,,
7843,Accepted,,,,,
7844,Accepted,,,,,
7845,Accepted,,,,,
7846,Accepted,,,,,
7847,Accepted,,,,,
7848,Accepted,,,,,
7849,Accepted,,,,,
7850,Accepted,,,,,
7851,Accepted,,,,,
7852,Accepted,,,,,
7853,Accepted,,,,,
7854,Accepted,,,,,
7855,Accepted,,,,,
7856,Accepted,,,,,
7857,Accepted,,,,,
7858,Accepted,,,,,
7859,Accepted,,,,,
7860,Accepted,,,,,
7861,Accepted,,,,,
7862,Accepted,,,,,
7863,Accepted,,,,,
7864,Accepted,,,,,
7865,Accepted,,,,,
7866,Accepted,,,,,
7867,Accepted,,,,,
7868,Accepted,,,,,
7869,Accepted,,,,,
7870,Accepted,,,,,
7871,Accepted,,,,,
7872,Accepted,,,,,
7873,Accepted,,,,,
7874,Accepted,,,,,
7875,Accepted,,,,,
7876,Accepted,,,,,
7877,Accepted,,,,,
7878,Accepted,,,,,
7879,Accepted,,,,,
7880,Accepted,,,,,
7881,Accepted,,,,,
7882,Accepted,,,,,
7883,Accepted,,,,,
7884,Accepted,,,,,
7885,Accepted,,,,,
7886,Accepted,,,,,
7887,Accepted,,,,,
7888,Accepted,,,,,
7889,Accepted,,,,,
7890,Accepted,,,,,
7891,Accepted,,,,,
7892,Accepted,,,,,
7893,Accepted,,,,,
7894,Accepted,,,,,
7895,Accepted,,,,,
7896,Accepted,,,,,
7897,Accepted,,,,,
7898,Accepted,,,,,
7899,Accepted,,,,,
7900,Accepted,,,,,
7901,Accepted,,,,,
7902,Accepted,,,,,
7903,Accepted,,,,,
7904,Accepted,,,,,
7905,Accepted,,,,,
7906,Accepted,,,,,
7907,Accepted,,,,,
7908,Accepted,,,,,
7909,Accepted,,,,,
7910,Accepted,,,,,
7911,Accepted,,,,,
7912,Accepted,,,,,
7913,Accepted,,,,,
7914,Accepted,,,,,
7915,Accepted,,,,,
7916,Accepted,,,,,
7917,Accepted,,,,,
7918,Accepted,,,,,
7919,Accepted,,,,,
7920,Accepted,,,,,
7921,Accepted,,,,,
7922,Accepted,,,,,
7923,Accepted,,,,,
7924,Accepted,,,,,
7925,Accepted,,,,,
7926,Accepted,,,,,
7927,Accepted,,,,,
7928,Accepted,,,,,
7929,Accepted,,,,,
7930,Accepted,,,,,
7931,Accepted,,,,,
7932,Accepted,,,,,
7933,Accepted,,,,,
7934,Accepted,,,,,
7935,Accepted,,,,,
7936,Accepted,,,,,
7937,Accepted,,,,,
7938,Accepted,,,,,
7939,Accepted,,,,,
7940,Accepted,,,,,
7941,Accepted,,,,,
7942,Accepted,,,,,
7943,Accepted,,,,,
7944,Accepted,,,,,
7945,Accepted,,,,,
7946,Accepted,,,,,
7947,Accepted,,,,,
7948,Accepted,,,,,
7949,Accepted,,,,,
7950,Accepted,,,,,
7951,Accepted,,,,,
7952,Accepted,,,,,
7953,Accepted,,,,,
7954,Accepted,,,,,
7955,Accepted,,,,,
7956,Accepted,,,,,
7957,Accepted,,,,,
7958,Accepted,,,,,
7959,Accepted,,,,,
7960,Accepted,,,,,
7961,Accepted,,,,,
7962,Accepted,,,,,
7963,Accepted,,,,,
7964,Accepted,,,,,
7965,Accepted,,,,,
7966,Accepted,,,,,
7967,Accepted,,,,,
7968,Accepted,,,,,
7969,Accepted,,,,,
7970,Accepted,,,,,
7971,Accepted,,,,,
7972,Accepted,,,,,
7973,Accepted,,,,,
7974,Accepted,,,,,
7975,Accepted,,,,,
7976,Accepted,,,,,
7977,Accepted,,,,,
7978,Accepted,,,,,
7979,Accepted,,,,,
7980,Accepted,,,,,
7981,Accepted,,,,,
7982,Accepted,,,,,
7983,Accepted,,,,,
7984,Accepted,,,,,
7985,Accepted,,,,,
7986,Accepted,,,,,
7987,Accepted,,,,,
7988,Accepted,,,,,
7989,Accepted,,,,,
7990,Accepted,,,,,
7991,Accepted,,,,,
7992,Accepted,,,,,
7993,Accepted,,,,,
7994,Accepted,,,,,
7995,Accepted,,,,,
7996,Accepted,,,,,
7997,Accepted,,,,,
7998,Accepted,,,,,
7999,Accepted,,,,,
8000,Accepted,,,,,
8001,Accepted,,,,,
8002,Accepted,,,,,
8003,Accepted,,,,,
8004,Accepted,,,,,
8005,Accepted,,,,,
8006,Accepted,,,,,
8007,Accepted,,,,,
8008,Accepted,,,,,
8009,Accepted,,,,,
8010,Accepted,,,,,
8011,Accepted,,,,,
8012,Accepted,,,,,
8013,Accepted,,,,,
8014,Accepted,,,,,
8015,Accepted,,,,,
8016,Accepted,,,,,
8017,Accepted,,,,,
8018,Accepted,,,,,
8019,Accepted,,,,,
8020,Accepted,,,,,
8021,Accepted,,,,,
8022,Accepted,,,,,
8023,Accepted,,,,,
8024,Accepted,,,,,
8025,Accepted,,,,,
8026,Accepted,,,,,
8027,Accepted,,,,,
8028,Accepted,,,,,
8029,Accepted,,,,,
8030,Accepted,,,,,
8031,Accepted,,,,,
8032,Accepted,,,,,
8033,Accepted,,,,,
8034,Accepted,,,,,
8035,Accepted,,,,,
8036,Accepted,,,,,
8037,Accepted,,,,,
8038,Accepted,,,,,
8039,Accepted,,,,,
8040,Accepted,,,,,
8041,Accepted,,,,,
8042,Accepted,,,,,
8043,Accepted,,,,,
8044,Accepted,,,,,
8045,Accepted,,,,,
8046,Accepted,,,,,
8047,Accepted,,,,,
8048,Accepted,,,,,
8049,Accepted,,,,,
8050,Accepted,,,,,
8051,Accepted,,,,,
8052,Accepted,,,,,
8053,Accepted,,,,,
8054,Accepted,,,,,
8055,Accepted,,,,,
8056,Accepted,,,,,
8057,Accepted,,,,,
8058,Accepted,,,,,
8059,Accepted,,,,,
8060,Accepted,,,,,
8061,Accepted,,,,,
8062,Accepted,,,,,
8063,Accepted,,,,,
8064,Accepted,,,,,
8065,Accepted,,,,,
8066,Accepted,,,,,
8067,Accepted,,,,,
8068,Accepted,,,,,
8069,Accepted,,,,,
8070,Accepted,,,,,
8071,Accepted,,,,,
8072,Accepted,,,,,
8073,Accepted,,,,,
8074,Accepted,,,,,
8075,Accepted,,,,,
8076,Accepted,,,,,
8077,Accepted,,,,,
8078,Accepted,,,,,
8079,Accepted,,,,,
8080,Accepted,,,,,
8081,Accepted,,,,,
8082,Accepted,,,,,
8083,Accepted,,,,,
8084,Accepted,,,,,
8085,Accepted,,,,,
8086,Accepted,,,,,
8087,Accepted,,,,,
8088,Accepted,,,,,
8089,Accepted,,,,,
8090,Accepted,,,,,
8091,Accepted,,,,,
8092,Accepted,,,,,
8093,Accepted,,,,,
8094,Accepted,,,,,
8095,Accepted,,,,,
8096,Accepted,,,,,
8097,Accepted,,,,,
8098,Accepted,,,,,
8099,Accepted,,,,,
8100,Accepted,,,,,
8101,Accepted,,,,,
8102,Accepted,,,,,
8103,Accepted,,,,,
8104,Accepted,,,,,
8105,Accepted,,,,,
8106,Accepted,,,,,
8107,Accepted,,,,,
8108,Accepted,,,,,
8109,Accepted,,,,,
8110,Accepted,,,,,
8111,Accepted,,,,,
8112,Accepted,,,,,
8113,Accepted,,,,,
8114,Accepted,,,,,
8115,Accepted,,,,,
8116,Accepted,,,,,
8117,Accepted,,,,,
8118,Accepted,,,,,
8119,Accepted,,,,,
8120,Accepted,,,,,
8121,Accepted,,,,,
8122,Accepted,,,,,
8123,Accepted,,,,,
8124,Accepted,,,,,
8125,Accepted,,,,,
8126,Accepted,,,,,
8127,Accepted,,,,,
8128,Accepted,,,,,
8129,Accepted,,,,,
8130,Accepted,,,,,
8131,Accepted,,,,,
8132,Accepted,,,,,
8133,Accepted,,,,,
8134,Accepted,,,,,
8135,Accepted,,,,,
8136,Accepted,,,,,
8137,Accepted,,,,,
8138,Accepted,,,,,
8139,Accepted,,,,,
8140,Accepted,,,,,
8141,Accepted,,,,,
8142,Accepted,,,,,
8143,Accepted,,,,,
8144,Accepted,,,,,
8145,Accepted,,,,,
8146,Accepted,,,,,
8147,Accepted,,,,,
8148,Accepted,,,,,
8149,Accepted,,,,,
8150,Accepted,,,,,
8151,Accepted,,,,,
8152,Accepted,,,,,
8153,Accepted,,,,,
8154,Accepted,,,,,
8155,Accepted,,,,,
8156,Accepted,,,,,
8157,Accepted,,,,,
8158,Accepted,,,,,
8159,Accepted,,,,,
8160,Accepted,,,,,
8161,Accepted,,,,,
8162,Accepted,,,,,
8163,Accepted,,,,,
8164,Accepted,,,,,
8165,Accepted,,,,,
8166,Accepted,,,,,
8167,Accepted,,,,,
8168,Accepted,,,,,
8169,Accepted,,,,,
8170,Accepted,,,,,
8171,Accepted,,,,,
8172,Accepted,,,,,
8173,Accepted,,,,,
8174,Accepted,,,,,
8175,Accepted,,,,,
8176,Accepted,,,,,
8177,Accepted,,,,,
8178,Accepted,,,,,
8179,Accepted,,,,,
8180,Accepted,,,,,
8181,Accepted,,,,,
8182,Accepted,,,,,
8183,Accepted,,,,,
8184,Accepted,,,,,
8185,Accepted,,,,,
8186,Accepted,,,,,
8187,Accepted,,,,,
8188,Accepted,,,,,
8189,Accepted,,,,,
8190,Accepted,,,,,
8191,Accepted,,,,,
8192,Accepted,,,,,
8193,Accepted,,,,,
8194,Accepted,,,,,
8195,Accepted,,,,,
8196,Accepted,,,,,
8197,Accepted,,,,,
8198,Accepted,,,,,
8199,Accepted,,,,,
8200,Accepted,,,,,
8201,Accepted,,,,,
8202,Accepted,,,,,
8203,Accepted,,,,,
8204,Accepted,,,,,
8205,Accepted,,,,,
8206,Accepted,,,,,
8207,Accepted,,,,,
8208,Accepted,,,,,
8209,Accepted,,,,,
8210,Accepted,,,,,
8211,Accepted,,,,,
8212,Accepted,,,,,
8213,Accepted,,,,,
8214,Accepted,,,,,
8215,Accepted,,,,,
8216,Accepted,,,,,
8217,Accepted,,,,,
8218,Accepted,,,,,
8219,Accepted,,,,,
8220,Accepted,,,,,
8221,Accepted,,,,,
8222,Accepted,,,,,
8223,Accepted,,,,,
8224,Accepted,,,,,
8225,Accepted,,,,,
8226,Accepted,,,,,
8227,Accepted,,,,,
8228,Accepted,,,,,
8229,Accepted,,,,,
8230,Accepted,,,,,
8231,Accepted,,,,,
8232,Accepted,,,,,
8233,Accepted,,,,,
8234,Accepted,,,,,
8235,Accepted,,,,,
8236,Accepted,,,,,
8237,Accepted,,,,,
8238,Accepted,,,,,
8239,Accepted,,,,,
8240,Accepted,,,,,
8241,Accepted,,,,,
8242,Accepted,,,,,
8243,Accepted,,,,,
8244,Accepted,,,,,
8245,Accepted,,,,,
8246,Accepted,,,,,
8247,Accepted,,,,,
8248,Accepted,,,,,
8249,Accepted,,,,,
8250,Accepted,,,,,
8251,Accepted,,,,,
8252,Accepted,,,,,
8253,Accepted,,,,,
8254,Accepted,,,,,
8255,Accepted,,,,,
8256,Accepted,,,,,
8257,Accepted,,,,,
8258,Accepted,,,,,
8259,Accepted,,,,,
8260,Accepted,,,,,
8261,Accepted,,,,,
8262,Accepted,,,,,
8263,Accepted,,,,,
8264,Accepted,,,,,
8265,Accepted,,,,,
8266,Accepted,,,,,
8267,Accepted,,,,,
8268,Accepted,,,,,
8269,Accepted,,,,,
8270,Accepted,,,,,
8271,Accepted,,,,,
8272,Accepted,,,,,
8273,Accepted,,,,,
8274,Accepted,,,,,
8275,Accepted,,,,,
8276,Accepted,,,,,
8277,Accepted,,,,,
8278,Accepted,,,,,
8279,Accepted,,,,,
8280,Accepted,,,,,
8281,Accepted,,,,,
8282,Accepted,,,,,
8283,Accepted,,,,,
8284,Accepted,,,,,
8285,Accepted,,,,,
8286,Accepted,,,,,
8287,Accepted,,,,,
8288,Accepted,,,,,
8289,Accepted,,,,,
8290,Accepted,,,,,
8291,Accepted,,,,,
8292,Accepted,,,,,
8293,Accepted,,,,,
8294,Accepted,,,,,
8295,Accepted,,,,,
8296,Accepted,,,,,
8297,Accepted,,,,,
8298,Accepted,,,,,
8299,Accepted,,,,,
8300,Accepted,,,,,
8301,Accepted,,,,,
8302,Accepted,,,,,
8303,Accepted,,,,,
8304,Accepted,,,,,
8305,Accepted,,,,,
8306,Accepted,,,,,
8307,Accepted,,,,,
8308,Accepted,,,,,
8309,Accepted,,,,,
8310,Accepted,,,,,
8311,Accepted,,,,,
8312,Accepted,,,,,
8313,Accepted,,,,,
8314,Accepted,,,,,
8315,Accepted,,,,,
8316,Accepted,,,,,
8317,Accepted,,,,,
8318,Accepted,,,,,
8319,Accepted,,,,,
8320,Accepted,,,,,
8321,Accepted,,,,,
8322,Accepted,,,,,
8323,Accepted,,,,,
8324,Accepted,,,,,
8325,Accepted,,,,,
8326,Accepted,,,,,
8327,Accepted,,,,,
8328,Accepted,,,,,
8329,Accepted,,,,,
8330,Accepted,,,,,
8331,Accepted,,,,,
8332,Accepted,,,,,
8333,Accepted,,,,,
8334,Accepted,,,,,
8335,Accepted,,,,,
8336,Accepted,,,,,
8337,Accepted,,,,,
8338,Accepted,,,,,
8339,Accepted,,,,,
8340,Accepted,,,,,
8341,Accepted,,,,,
8342,Accepted,,,,,
8343,Accepted,,,,,
8344,Accepted,,,,,
8345,Accepted,,,,,
8346,Accepted,,,,,
8347,Accepted,,,,,
8348,Accepted,,,,,
8349,Accepted,,,,,
8350,Accepted,,,,,
8351,Accepted,,,,,
8352,Accepted,,,,,
8353,Accepted,,,,,
8354,Accepted,,,,,
8355,Accepted,,,,,
8356,Accepted,,,,,
8357,Accepted,,,,,
8358,Accepted,,,,,
8359,Accepted,,,,,
8360,Accepted,,,,,
8361,Accepted,,,,,
8362,Accepted,,,,,
8363,Accepted,,,,,
8364,Accepted,,,,,
8365,Accepted,,,,,
8366,Accepted,,,,,
8367,Accepted,,,,,
8368,Accepted,,,,,
8369,Accepted,,,,,
8370,Accepted,,,,,
8371,Accepted,,,,,
8372,Accepted,,,,,
8373,Accepted,,,,,
8374,Accepted,,,,,
8375,Accepted,,,,,
8376,Accepted,,,,,
8377,Accepted,,,,,
8378,Accepted,,,,,
8379,Accepted,,,,,
8380,Accepted,,,,,
8381,Accepted,,,,,
8382,Accepted,,,,,
8383,Accepted,,,,,
8384,Accepted,,,,,
8385,Accepted,,,,,
8386,Accepted,,,,,
8387,Accepted,,,,,
8388,Accepted,,,,,
8389,Accepted,,,,,
8390,Accepted,,,,,
8391,Accepted,,,,,
8392,Accepted,,,,,
8393,Accepted,,,,,
8394,Accepted,,,,,
8395,Accepted,,,,,
8396,Accepted,,,,,
8397,Accepted,,,,,
8398,Accepted,,,,,
8399,Accepted,,,,,
8400,Accepted,,,,,
8401,Accepted,,,,,
8402,Accepted,,,,,
8403,Accepted,,,,,
8404,Accepted,,,,,
8405,Accepted,,,,,
8406,Accepted,,,,,
8407,Accepted,,,,,
8408,Accepted,,,,,
8409,Accepted,,,,,
8410,Accepted,,,,,
8411,Accepted,,,,,
8412,Accepted,,,,,
8413,Accepted,,,,,
8414,Accepted,,,,,
8415,Accepted,,,,,
8416,Accepted,,,,,
8417,Accepted,,,,,
8418,Accepted,,,,,
8419,Accepted,,,,,
8420,Accepted,,,,,
8421,Accepted,,,,,
8422,Accepted,,,,,
8423,Accepted,,,,,
8424,Accepted,,,,,
8425,Accepted,,,,,
8426,Accepted,,,,,
8427,Accepted,,,,,
8428,Accepted,,,,,
8429,Accepted,,,,,
8430,Accepted,,,,,
8431,Accepted,,,,,
8432,Accepted,,,,,
8433,Accepted,,,,,
8434,Accepted,,,,,
8435,Accepted,,,,,
8436,Accepted,,,,,
8437,Accepted,,,,,
8438,Accepted,,,,,
8439,Accepted,,,,,
8440,Accepted,,,,,
8441,Accepted,,,,,
8442,Accepted,,,,,
8443,Accepted,,,,,
8444,Accepted,,,,,
8445,Accepted,,,,,
8446,Accepted,,,,,
8447,Accepted,,,,,
8448,Accepted,,,,,
8449,Accepted,,,,,
8450,Accepted,,,,,
8451,Accepted,,,,,
8452,Accepted,,,,,
8453,Accepted,,,,,
8454,Accepted,,,,,
8455,Accepted,,,,,
8456,Accepted,,,,,
8457,Accepted,,,,,
8458,Accepted,,,,,
8459,Accepted,,,,,
8460,Accepted,,,,,
8461,Accepted,,,,,
8462,Accepted,,,,,
8463,Accepted,,,,,
8464,Accepted,,,,,
8465,Accepted,,,,,
8466,Accepted,,,,,
8467,Accepted,,,,,
8468,Accepted,,,,,
8469,Accepted,,,,,
8470,Accepted,,,,,
8471,Accepted,,,,,
8472,Accepted,,,,,
8473,Accepted,,,,,
8474,Accepted,,,,,
8475,Accepted,,,,,
8476,Accepted,,,,,
8477,Accepted,,,,,
8478,Accepted,,,,,
8479,Accepted,,,,,
8480,Accepted,,,,,
8481,Accepted,,,,,
8482,Accepted,,,,,
8483,Accepted,,,,,
8484,Accepted,,,,,
8485,Accepted,,,,,
8486,Accepted,,,,,
8487,Accepted,,,,,
8488,Accepted,,,,,
8489,Accepted,,,,,
8490,Accepted,,,,,
8491,Accepted,,,,,
8492,Accepted,,,,,
8493,Accepted,,,,,
8494,Accepted,,,,,
8495,Accepted,,,,,
8496,Accepted,,,,,
8497,Accepted,,,,,
8498,Accepted,,,,,
8499,Accepted,,,,,
8500,Accepted,,,,,
8501,Accepted,,,,,
8502,Accepted,,,,,
8503,Accepted,,,,,
8504,Accepted,,,,,
8505,Accepted,,,,,
8506,Accepted,,,,,
8507,Accepted,,,,,
8508,Accepted,,,,,
8509,Accepted,,,,,
8510,Accepted,,,,,
8511,Accepted,,,,,
8512,Accepted,,,,,
8513,Accepted,,,,,
8514,Accepted,,,,,
8515,Accepted,,,,,
8516,Accepted,,,,,
8517,Accepted,,,,,
8518,Accepted,,,,,
8519,Accepted,,,,,
8520,Accepted,,,,,
8521,Accepted,,,,,
8522,Accepted,,,,,
8523,Accepted,,,,,
8524,Accepted,,,,,
8525,Accepted,,,,,
8526,Accepted,,,,,
8527,Accepted,,,,,
8528,Accepted,,,,,
8529,Accepted,,,,,
8530,Accepted,,,,,
8531,Accepted,,,,,
8532,Accepted,,,,,
8533,Accepted,,,,,
8534,Accepted,,,,,
8535,Accepted,,,,,
8536,Accepted,,,,,
8537,Accepted,,,,,
8538,Accepted,,,,,
8539,Accepted,,,,,
8540,Accepted,,,,,
8541,Accepted,,,,,
8542,Accepted,,,,,
8543,Accepted,,,,,
8544,Accepted,,,,,
8545,Accepted,,,,,
8546,Accepted,,,,,
8547,Accepted,,,,,
8548,Accepted,,,,,
8549,Accepted,,,,,
8550,Accepted,,,,,
8551,Accepted,,,,,
8552,Accepted,,,,,
8553,Accepted,,,,,
8554,Accepted,,,,,
8555,Accepted,,,,,
8556,Accepted,,,,,
8557,Accepted,,,,,
8558,Accepted,,,,,
8559,Accepted,,,,,
8560,Accepted,,,,,
8561,Accepted,,,,,
8562,Accepted,,,,,
8563,Accepted,,,,,
8564,Accepted,,,,,
8565,Accepted,,,,,
8566,Accepted,,,,,
8567,Accepted,,,,,
8568,Accepted,,,,,
8569,Accepted,,,,,
8570,Accepted,,,,,
8571,Accepted,,,,,
8572,Accepted,,,,,
8573,Accepted,,,,,
8574,Accepted,,,,,
8575,Accepted,,,,,
8576,Accepted,,,,,
8577,Accepted,,,,,
8578,Accepted,,,,,
8579,Accepted,,,,,
8580,Accepted,,,,,
8581,Accepted,,,,,
8582,Accepted,,,,,
8583,Accepted,,,,,
8584,Accepted,,,,,
8585,Accepted,,,,,
8586,Accepted,,,,,
8587,Accepted,,,,,
8588,Accepted,,,,,
8589,Accepted,,,,,
8590,Accepted,,,,,
8591,Accepted,,,,,
8592,Accepted,,,,,
8593,Accepted,,,,,
8594,Accepted,,,,,
8595,Accepted,,,,,
8596,Accepted,,,,,
8597,Accepted,,,,,
8598,Accepted,,,,,
8599,Accepted,,,,,
8600,Accepted,,,,,
8601,Accepted,,,,,
8602,Accepted,,,,,
8603,Accepted,,,,,
8604,Accepted,,,,,
8605,Accepted,,,,,
8606,Accepted,,,,,
8607,Accepted,,,,,
8608,Accepted,,,,,
8609,Accepted,,,,,
8610,Accepted,,,,,
8611,Accepted,,,,,
8612,Accepted,,,,,
8613,Accepted,,,,,
8614,Accepted,,,,,
8615,Accepted,,,,,
8616,Accepted,,,,,
8617,Accepted,,,,,
8618,Accepted,,,,,
8619,Accepted,,,,,
8620,Accepted,,,,,
8621,Accepted,,,,,
8622,Accepted,,,,,
8623,Accepted,,,,,
8624,Accepted,,,,,
8625,Accepted,,,,,
8626,Accepted,,,,,
8627,Accepted,,,,,
8628,Accepted,,,,,
8629,Accepted,,,,,
8630,Accepted,,,,,
8631,Accepted,,,,,
8632,Accepted,,,,,
8633,Accepted,,,,,
8634,Accepted,,,,,
8635,Accepted,,,,,
8636,Accepted,,,,,
8637,Accepted,,,,,
8638,Accepted,,,,,
8639,Accepted,,,,,
8640,Accepted,,,,,
8641,Accepted,,,,,
8642,Accepted,,,,,
8643,Accepted,,,,,
8644,Accepted,,,,,
8645,Accepted,,,,,
8646,Accepted,,,,,
8647,Accepted,,,,,
8648,Accepted,,,,,
8649,Accepted,,,,,
8650,Accepted,,,,,
8651,Accepted,,,,,
8652,Accepted,,,,,
8653,Accepted,,,,,
8654,Accepted,,,,,
8655,Accepted,,,,,
8656,Accepted,,,,,
8657,Accepted,,,,,
8658,Accepted,,,,,
8659,Accepted,,,,,
8660,Accepted,,,,,
8661,Accepted,,,,,
8662,Accepted,,,,,
8663,Accepted,,,,,
8664,Accepted,,,,,
8665,Accepted,,,,,
8666,Accepted,,,,,
8667,Accepted,,,,,
8668,Accepted,,,,,
8669,Accepted,,,,,
8670,Accepted,,,,,
8671,Accepted,,,,,
8672,Accepted,,,,,
8673,Accepted,,,,,
8674,Accepted,,,,,
8675,Accepted,,,,,
8676,Accepted,,,,,
8677,Accepted,,,,,
8678,Accepted,,,,,
8679,Accepted,,,,,
8680,Accepted,,,,,
8681,Accepted,,,,,
8682,Accepted,,,,,
8683,Accepted,,,,,
8684,Accepted,,,,,
8685,Accepted,,,,,
8686,Accepted,,,,,
8687,Accepted,,,,,
8688,Accepted,,,,,
8689,Accepted,,,,,
8690,Accepted,,,,,
8691,Accepted,,,,,
8692,Accepted,,,,,
8693,Accepted,,,,,
8694,Accepted,,,,,
8695,Accepted,,,,,
8696,Accepted,,,,,
8697,Accepted,,,,,
8698,Accepted,,,,,
8699,Accepted,,,,,
8700,Accepted,,,,,
8701,Accepted,,,,,
8702,Accepted,,,,,
8703,Accepted,,,,,
8704,Accepted,,,,,
8705,Accepted,,,,,
8706,Accepted,,,,,
8707,Accepted,,,,,
8708,Accepted,,,,,
8709,Accepted,,,,,
8710,Accepted,,,,,
8711,Accepted,,,,,
8712,Accepted,,,,,
8713,Accepted,,,,,
8714,Accepted,,,,,
8715,Accepted,,,,,
8716,Accepted,,,,,
8717,Accepted,,,,,
8718,Accepted,,,,,
8719,Accepted,,,,,
8720,Accepted,,,,,
8721,Accepted,,,,,
8722,Accepted,,,,,
8723,Accepted,,,,,
8724,Accepted,,,,,
8725,Accepted,,,,,
8726,Accepted,,,,,
8727,Accepted,,,,,
8728,Accepted,,,,,
8729,Accepted,,,,,
8730,Accepted,,,,,
8731,Accepted,,,,,
8732,Accepted,,,,,
8733,Accepted,,,,,
8734,Accepted,,,,,
8735,Accepted,,,,,
8736,Accepted,,,,,
8737,Accepted,,,,,
8738,Accepted,,,,,
8739,Accepted,,,,,
8740,Accepted,,,,,
8741,Accepted,,,,,
8742,Accepted,,,,,
8743,Accepted,,,,,
8744,Accepted,,,,,
8745,Accepted,,,,,
8746,Accepted,,,,,
8747,Accepted,,,,,
8748,Accepted,,,,,
8749,Accepted,,,,,
8750,Accepted,,,,,
8751,Accepted,,,,,
8752,Accepted,,,,,
8753,Accepted,,,,,
8754,Accepted,,,,,
8755,Accepted,,,,,
8756,Accepted,,,,,
8757,Accepted,,,,,
8758,Accepted,,,,,
8759,Accepted,,,,,
8760,Accepted,,,,,
8761,Accepted,,,,,
8762,Accepted,,,,,
8763,Accepted,,,,,
8764,Accepted,,,,,
8765,Accepted,,,,,
8766,Accepted,,,,,
8767,Accepted,,,,,
8768,Accepted,,,,,
8769,Accepted,,,,,
8770,Accepted,,,,,
8771,Accepted,,,,,
8772,Accepted,,,,,
8773,Accepted,,,,,
8774,Accepted,,,,,
8775,Accepted,,,,,
8776,Accepted,,,,,
8777,Accepted,,,,,
8778,Accepted,,,,,
8779,Accepted,,,,,
8780,Accepted,,,,,
8781,Accepted,,,,,
8782,Accepted,,,,,
8783,Accepted,,,,,
8784,Accepted,,,,,
8785,Accepted,,,,,
8786,Accepted,,,,,
8787,Accepted,,,,,
8788,Accepted,,,,,
8789,Accepted,,,,,
8790,Accepted,,,,,
8791,Accepted,,,,,
8792,Accepted,,,,,
8793,Accepted,,,,,
8794,Accepted,,,,,
8795,Accepted,,,,,
8796,Accepted,,,,,
8797,Accepted,,,,,
8798,Accepted,,,,,
8799,Accepted,,,,,
8800,Accepted,,,,,
8801,Accepted,,,,,
8802,Accepted,,,,,
8803,Accepted,,,,,
8804,Accepted,,,,,
8805,Accepted,,,,,
8806,Accepted,,,,,
8807,Accepted,,,,,
8808,Accepted,,,,,
8809,Accepted,,,,,
8810,Accepted,,,,,
8811,Accepted,,,,,
8812,Accepted,,,,,
8813,Accepted,,,,,
8814,Accepted,,,,,
8815,Accepted,,,,,
8816,Accepted,,,,,
8817,Accepted,,,,,
8818,Accepted,,,,,
8819,Accepted,,,,,
8820,Accepted,,,,,
8821,Accepted,,,,,
8822,Accepted,,,,,
8823,Accepted,,,,,
8824,Accepted,,,,,
8825,Accepted,,,,,
8826,Accepted,,,,,
8827,Accepted,,,,,
8828,Accepted,,,,,
8829,Accepted,,,,,
8830,Accepted,,,,,
8831,Accepted,,,,,
8832,Accepted,,,,,
8833,Accepted,,,,,
8834,Accepted,,,,,
8835,Accepted,,,,,
8836,Accepted,,,,,
8837,Accepted,,,,,
8838,Accepted,,,,,
8839,Accepted,,,,,
8840,Accepted,,,,,
8841,Accepted,,,,,
8842,Accepted,,,,,
8843,Accepted,,,,,
8844,Accepted,,,,,
8845,Accepted,,,,,
8846,Accepted,,,,,
8847,Accepted,,,,,
8848,Accepted,,,,,
8849,Accepted,,,,,
8850,Accepted,,,,,
8851,Accepted,,,,,
8852,Accepted,,,,,
8853,Accepted,,,,,
8854,Accepted,,,,,
8855,Accepted,,,,,
8856,Accepted,,,,,
8857,Accepted,,,,,
8858,Accepted,,,,,
8859,Accepted,,,,,
8860,Accepted,,,,,
8861,Accepted,,,,,
8862,Accepted,,,,,
8863,Accepted,,,,,
8864,Accepted,,,,,
8865,Accepted,,,,,
8866,Accepted,,,,,
8867,Accepted,,,,,
8868,Accepted,,,,,
8869,Accepted,,,,,
8870,Accepted,,,,,
8871,Accepted,,,,,
8872,Accepted,,,,,
8873,Accepted,,,,,
8874,Accepted,,,,,
8875,Accepted,,,,,
8876,Accepted,,,,,
8877,Accepted,,,,,
8878,Accepted,,,,,
8879,Accepted,,,,,
8880,Accepted,,,,,
8881,Accepted,,,,,
8882,Accepted,,,,,
8883,Accepted,,,,,
8884,Accepted,,,,,
8885,Accepted,,,,,
8886,Accepted,,,,,
8887,Accepted,,,,,
8888,Accepted,,,,,
8889,Accepted,,,,,
8890,Accepted,,,,,
8891,Accepted,,,,,
8892,Accepted,,,,,
8893,Accepted,,,,,
8894,Accepted,,,,,
8895,Accepted,,,,,
8896,Accepted,,,,,
8897,Accepted,,,,,
8898,Accepted,,,,,
8899,Accepted,,,,,
8900,Accepted,,,,,
8901,Accepted,,,,,
8902,Accepted,,,,,
8903,Accepted,,,,,
8904,Accepted,,,,,
8905,Accepted,,,,,
8906,Accepted,,,,,
8907,Accepted,,,,,
8908,Accepted,,,,,
8909,Accepted,,,,,
8910,Accepted,,,,,
8911,Accepted,,,,,
8912,Accepted,,,,,
8913,Accepted,,,,,
8914,Accepted,,,,,
8915,Accepted,,,,,
8916,Accepted,,,,,
8917,Accepted,,,,,
8918,Accepted,,,,,
8919,Accepted,,,,,
8920,Accepted,,,,,
8921,Accepted,,,,,
8922,Accepted,,,,,
8923,Accepted,,,,,
8924,Accepted,,,,,
8925,Accepted,,,,,
8926,Accepted,,,,,
8927,Accepted,,,,,
8928,Accepted,,,,,
8929,Accepted,,,,,
8930,Accepted,,,,,
8931,Accepted,,,,,
8932,Accepted,,,,,
8933,Accepted,,,,,
8934,Accepted,,,,,
8935,Accepted,,,,,
8936,Accepted,,,,,
8937,Accepted,,,,,
8938,Accepted,,,,,
8939,Accepted,,,,,
8940,Accepted,,,,,
8941,Accepted,,,,,
8942,Accepted,,,,,
8943,Accepted,,,,,
8944,Accepted,,,,,
8945,Accepted,,,,,
8946,Accepted,,,,,
8947,Accepted,,,,,
8948,Accepted,,,,,
8949,Accepted,,,,,
8950,Accepted,,,,,
8951,Accepted,,,,,
8952,Accepted,,,,,
8953,Accepted,,,,,
8954,Accepted,,,,,
8955,Accepted,,,,,
8956,Accepted,,,,,
8957,Accepted,,,,,
8958,Accepted,,,,,
8959,Accepted,,,,,
8960,Accepted,,,,,
8961,Accepted,,,,,
8962,Accepted,,,,,
8963,Accepted,,,,,
8964,Accepted,,,,,
8965,Accepted,,,,,
8966,Accepted,,,,,
8967,Accepted,,,,,
8968,Accepted,,,,,
8969,Accepted,,,,,
8970,Accepted,,,,,
8971,Accepted,,,,,
8972,Accepted,,,,,
8973,Accepted,,,,,
8974,Accepted,,,,,
8975,Accepted,,,,,
8976,Accepted,,,,,
8977,Accepted,,,,,
8978,Accepted,,,,,
8979,Accepted,,,,,
8980,Accepted,,,,,
8981,Accepted,,,,,
8982,Accepted,,,,,
8983,Accepted,,,,,
8984,Accepted,,,,,
8985,Accepted,,,,,
8986,Accepted,,,,,
8987,Accepted,,,,,
8988,Accepted,,,,,
8989,Accepted,,,,,
8990,Accepted,,,,,
8991,Accepted,,,,,
8992,Accepted,,,,,
8993,Accepted,,,,,
8994,Accepted,,,,,
8995,Accepted,,,,,
8996,Accepted,,,,,
8997,Accepted,,,,,
8998,Accepted,,,,,
8999,Accepted,,,,,
9000,Accepted,,,,,
9001,Accepted,,,,,
9002,Accepted,,,,,
9003,Accepted,,,,,
9004,Accepted,,,,,
9005,Accepted,,,,,
9006,Accepted,,,,,
9007,Accepted,,,,,
9008,Accepted,,,,,
9009,Accepted,,,,,
9010,Accepted,,,,,
9011,Accepted,,,,,
9012,Accepted,,,,,
9013,Accepted,,,,,
9014,Accepted,,,,,
9015,Accepted,,,,,
9016,Accepted,,,,,
9017,Accepted,,,,,
9018,Accepted,,,,,
9019,Accepted,,,,,
9020,Accepted,,,,,
9021,Accepted,,,,,
9022,Accepted,,,,,
9023,Accepted,,,,,
9024,Accepted,,,,,
9025,Accepted,,,,,
9026,Accepted,,,,,
9027,Accepted,,,,,
9028,Accepted,,,,,
9029,Accepted,,,,,
9030,Accepted,,,,,
9031,Accepted,,,,,
9032,Accepted,,,,,
9033,Accepted,,,,,
9034,Accepted,,,,,
9035,Accepted,,,,,
9036,Accepted,,,,,
9037,Accepted,,,,,
9038,Accepted,,,,,
9039,Accepted,,,,,
9040,Accepted,,,,,
9041,Accepted,,,,,
9042,Accepted,,,,,
9043,Accepted,,,,,
9044,Accepted,,,,,
9045,Accepted,,,,,
9046,Accepted,,,,,
9047,Accepted,,,,,
9048,Accepted,,,,,
9049,Accepted,,,,,
9050,Accepted,,,,,
9051,Accepted,,,,,
9052,Accepted,,,,,
9053,Accepted,,,,,
9054,Accepted,,,,,
9055,Accepted,,,,,
9056,Accepted,,,,,
9057,Accepted,,,,,
9058,Accepted,,,,,
9059,Accepted,,,,,
9060,Accepted,,,,,
9061,Accepted,,,,,
9062,Accepted,,,,,
9063,Accepted,,,,,
9064,Accepted,,,,,
9065,Accepted,,,,,
9066,Accepted,,,,,
9067,Accepted,,,,,
9068,Accepted,,,,,
9069,Accepted,,,,,
9070,Accepted,,,,,
9071,Accepted,,,,,
9072,Accepted,,,,,
9073,Accepted,,,,,
9074,Accepted,,,,,
9075,Accepted,,,,,
9076,Accepted,,,,,
9077,Accepted,,,,,
9078,Accepted,,,,,
9079,Accepted,,,,,
9080,Accepted,,,,,
9081,Accepted,,,,,
9082,Accepted,,,,,
9083,Accepted,,,,,
9084,Accepted,,,,,
9085,Accepted,,,,,
9086,Accepted,,,,,
9087,Accepted,,,,,
9088,Accepted,,,,,
9089,Accepted,,,,,
9090,Accepted,,,,,
9091,Accepted,,,,,
9092,Accepted,,,,,
9093,Accepted,,,,,
9094,Accepted,,,,,
9095,Accepted,,,,,
9096,Accepted,,,,,
9097,Accepted,,,,,
9098,Accepted,,,,,
9099,Accepted,,,,,
9100,Accepted,,,,,
9101,Accepted,,,,,
9102,Accepted,,,,,
9103,Accepted,,,,,
9104,Accepted,,,,,
9105,Accepted,,,,,
9106,Accepted,,,,,
9107,Accepted,,,,,
9108,Accepted,,,,,
9109,Accepted,,,,,
9110,Accepted,,,,,
9111,Accepted,,,,,
9112,Accepted,,,,,
9113,Accepted,,,,,
9114,Accepted,,,,,
9115,Accepted,,,,,
9116,Accepted,,,,,
9117,Accepted,,,,,
9118,Accepted,,,,,
9119,Accepted,,,,,
9120,Accepted,,,,,
9121,Accepted,,,,,
9122,Accepted,,,,,
9123,Accepted,,,,,
9124,Accepted,,,,,
9125,Accepted,,,,,
9126,Accepted,,,,,
9127,Accepted,,,,,
9128,Accepted,,,,,
9129,Accepted,,,,,
9130,Accepted,,,,,
9131,Accepted,,,,,
9132,Accepted,,,,,
9133,Accepted,,,,,
9134,Accepted,,,,,
9135,Accepted,,,,,
9136,Accepted,,,,,
9137,Accepted,,,,,
9138,Accepted,,,,,
9139,Accepted,,,,,
9140,Accepted,,,,,
9141,Accepted,,,,,
9142,Accepted,,,,,
9143,Accepted,,,,,
9144,Accepted,,,,,
9145,Accepted,,,,,
9146,Accepted,,,,,
9147,Accepted,,,,,
9148,Accepted,,,,,
9149,Accepted,,,,,
9150,Accepted,,,,,
9151,Accepted,,,,,
9152,Accepted,,,,,
9153,Accepted,,,,,
9154,Accepted,,,,,
9155,Accepted,,,,,
9156,Accepted,,,,,
9157,Accepted,,,,,
9158,Accepted,,,,,
9159,Accepted,,,,,
9160,Accepted,,,,,
9161,Accepted,,,,,
9162,Accepted,,,,,
9163,Accepted,,,,,
9164,Accepted,,,,,
9165,Accepted,,,,,
9166,Accepted,,,,,
9167,Accepted,,,,,
9168,Accepted,,,,,
9169,Accepted,,,,,
9170,Accepted,,,,,
9171,Accepted,,,,,
9172,Accepted,,,,,
9173,Accepted,,,,,
9174,Accepted,,,,,
9175,Accepted,,,,,
9176,Accepted,,,,,
9177,Accepted,,,,,
9178,Accepted,,,,,
9179,Accepted,,,,,
9180,Accepted,,,,,
9181,Accepted,,,,,
9182,Accepted,,,,,
9183,Accepted,,,,,
9184,Accepted,,,,,
9185,Accepted,,,,,
9186,Accepted,,,,,
9187,Accepted,,,,,
9188,Accepted,,,,,
9189,Accepted,,,,,
9190,Accepted,,,,,
9191,Accepted,,,,,
9192,Accepted,,,,,
9193,Accepted,,,,,
9194,Accepted,,,,,
9195,Accepted,,,,,
9196,Accepted,,,,,
9197,Accepted,,,,,
9198,Accepted,,,,,
9199,Accepted,,,,,
9200,Accepted,,,,,
9201,Accepted,,,,,
9202,Accepted,,,,,
9203,Accepted,,,,,
9204,Accepted,,,,,
9205,Accepted,,,,,
9206,Accepted,,,,,
9207,Accepted,,,,,
9208,Accepted,,,,,
9209,Accepted,,,,,
9210,Accepted,,,,,
9211,Accepted,,,,,
9212,Accepted,,,,,
9213,Accepted,,,,,
9214,Accepted,,,,,
9215,Accepted,,,,,
9216,Accepted,,,,,
9217,Accepted,,,,,
9218,Accepted,,,,,
9219,Accepted,,,,,
9220,Accepted,,,,,
9221,Accepted,,,,,
9222,Accepted,,,,,
9223,Accepted,,,,,
9224,Accepted,,,,,
9225,Accepted,,,,,
9226,Accepted,,,,,
9227,Accepted,,,,,
9228,Accepted,,,,,
9229,Accepted,,,,,
9230,Accepted,,,,,
9231,Accepted,,,,,
9232,Accepted,,,,,
9233,Accepted,,,,,
9234,Accepted,,,,,
9235,Accepted,,,,,
9236,Accepted,,,,,
9237,Accepted,,,,,
9238,Accepted,,,,,
9239,Accepted,,,,,
9240,Accepted,,,,,
9241,Accepted,,,,,
9242,Accepted,,,,,
9243,Accepted,,,,,
9244,Accepted,,,,,
9245,Accepted,,,,,
9246,Accepted,,,,,
9247,Accepted,,,,,
9248,Accepted,,,,,
9249,Accepted,,,,,
9250,Accepted,,,,,
9251,Accepted,,,,,
9252,Accepted,,,,,
9253,Accepted,,,,,
9254,Accepted,,,,,
9255,Accepted,,,,,
9256,Accepted,,,,,
9257,Accepted,,,,,
9258,Accepted,,,,,
9259,Accepted,,,,,
9260,Accepted,,,,,
9261,Accepted,,,,,
9262,Accepted,,,,,
9263,Accepted,,,,,
9264,Accepted,,,,,
9265,Accepted,,,,,
9266,Accepted,,,,,
9267,Accepted,,,,,
9268,Accepted,,,,,
9269,Accepted,,,,,
9270,Accepted,,,,,
9271,Accepted,,,,,
9272,Accepted,,,,,
9273,Accepted,,,,,
9274,Accepted,,,,,
9275,Accepted,,,,,
9276,Accepted,,,,,
9277,Accepted,,,,,
9278,Accepted,,,,,
9279,Accepted,,,,,
9280,Accepted,,,,,
9281,Accepted,,,,,
9282,Accepted,,,,,
9283,Accepted,,,,,
9284,Accepted,,,,,
9285,Accepted,,,,,
9286,Accepted,,,,,
9287,Accepted,,,,,
9288,Accepted,,,,,
9289,Accepted,,,,,
9290,Accepted,,,,,
9291,Accepted,,,,,
9292,Accepted,,,,,
9293,Accepted,,,,,
9294,Accepted,,,,,
9295,Accepted,,,,,
9296,Accepted,,,,,
9297,Accepted,,,,,
9298,Accepted,,,,,
9299,Accepted,,,,,
9300,Accepted,,,,,
9301,Accepted,,,,,
9302,Accepted,,,,,
9303,Accepted,,,,,
9304,Accepted,,,,,
9305,Accepted,,,,,
9306,Accepted,,,,,
9307,Accepted,,,,,
9308,Accepted,,,,,
9309,Accepted,,,,,
9310,Accepted,,,,,
9311,Accepted,,,,,
9312,Accepted,,,,,
9313,Accepted,,,,,
9314,Accepted,,,,,
9315,Accepted,,,,,
9316,Accepted,,,,,
9317,Accepted,,,,,
9318,Accepted,,,,,
9319,Accepted,,,,,
9320,Accepted,,,,,
9321,Accepted,,,,,
9322,Accepted,,,,,
9323,Accepted,,,,,
9324,Accepted,,,,,
9325,Accepted,,,,,
9326,Accepted,,,,,
9327,Accepted,,,,,
9328,Accepted,,,,,
9329,Accepted,,,,,
9330,Accepted,,,,,
9331,Accepted,,,,,
9332,Accepted,,,,,
9333,Accepted,,,,,
9334,Accepted,,,,,
9335,Accepted,,,,,
9336,Accepted,,,,,
9337,Accepted,,,,,
9338,Accepted,,,,,
9339,Accepted,,,,,
9340,Accepted,,,,,
9341,Accepted,,,,,
9342,Accepted,,,,,
9343,Accepted,,,,,
9344,Accepted,,,,,
9345,Accepted,,,,,
9346,Accepted,,,,,
9347,Accepted,,,,,
9348,Accepted,,,,,
9349,Accepted,,,,,
9350,Accepted,,,,,
9351,Accepted,,,,,
9352,Accepted,,,,,
9353,Accepted,,,,,
9354,Accepted,,,,,
9355,Accepted,,,,,
9356,Accepted,,,,,
9357,Accepted,,,,,
9358,Accepted,,,,,
9359,Accepted,,,,,
9360,Accepted,,,,,
9361,Accepted,,,,,
9362,Accepted,,,,,
9363,Accepted,,,,,
9364,Accepted,,,,,
9365,Accepted,,,,,
9366,Accepted,,,,,
9367,Accepted,,,,,
9368,Accepted,,,,,
9369,Accepted,,,,,
9370,Accepted,,,,,
9371,Accepted,,,,,
9372,Accepted,,,,,
9373,Accepted,,,,,
9374,Accepted,,,,,
9375,Accepted,,,,,
9376,Accepted,,,,,
9377,Accepted,,,,,
9378,Accepted,,,,,
9379,Accepted,,,,,
9380,Accepted,,,,,
9381,Accepted,,,,,
9382,Accepted,,,,,
9383,Accepted,,,,,
9384,Accepted,,,,,
9385,Accepted,,,,,
9386,Accepted,,,,,
9387,Accepted,,,,,
9388,Accepted,,,,,
9389,Accepted,,,,,
9390,Accepted,,,,,
9391,Accepted,,,,,
9392,Accepted,,,,,
9393,Accepted,,,,,
9394,Accepted,,,,,
9395,Accepted,,,,,
9396,Accepted,,,,,
9397,Accepted,,,,,
9398,Accepted,,,,,
9399,Accepted,,,,,
9400,Accepted,,,,,
9401,Accepted,,,,,
9402,Accepted,,,,,
9403,Accepted,,,,,
9404,Accepted,,,,,
9405,Accepted,,,,,
9406,Accepted,,,,,
9407,Accepted,,,,,
9408,Accepted,,,,,
9409,Accepted,,,,,
9410,Accepted,,,,,
9411,Accepted,,,,,
9412,Accepted,,,,,
9413,Accepted,,,,,
9414,Accepted,,,,,
9415,Accepted,,,,,
9416,Accepted,,,,,
9417,Accepted,,,,,
9418,Accepted,,,,,
9419,Accepted,,,,,
9420,Accepted,,,,,
9421,Accepted,,,,,
9422,Accepted,,,,,
9423,Accepted,,,,,
9424,Accepted,,,,,
9425,Accepted,,,,,
9426,Accepted,,,,,
9427,Accepted,,,,,
9428,Accepted,,,,,
9429,Accepted,,,,,
9430,Accepted,,,,,
9431,Accepted,,,,,
9432,Accepted,,,,,
9433,Accepted,,,,,
9434,Accepted,,,,,
9435,Accepted,,,,,
9436,Accepted,,,,,
9437,Accepted,,,,,
9438,Accepted,,,,,
9439,Accepted,,,,,
9440,Accepted,,,,,
9441,Accepted,,,,,
9442,Accepted,,,,,
9443,Accepted,,,,,
9444,Accepted,,,,,
9445,Accepted,,,,,
9446,Accepted,,,,,
9447,Accepted,,,,,
9448,Accepted,,,,,
9449,Accepted,,,,,
9450,Accepted,,,,,
9451,Accepted,,,,,
9452,Accepted,,,,,
9453,Accepted,,,,,
9454,Accepted,,,,,
9455,Accepted,,,,,
9456,Accepted,,,,,
9457,Accepted,,,,,
9458,Accepted,,,,,
9459,Accepted,,,,,
9460,Accepted,,,,,
9461,Accepted,,,,,
9462,Accepted,,,,,
9463,Accepted,,,,,
9464,Accepted,,,,,
9465,Accepted,,,,,
9466,Accepted,,,,,
9467,Accepted,,,,,
9468,Accepted,,,,,
9469,Accepted,,,,,
9470,Accepted,,,,,
9471,Accepted,,,,,
9472,Accepted,,,,,
9473,Accepted,,,,,
9474,Accepted,,,,,
9475,Accepted,,,,,
9476,Accepted,,,,,
9477,Accepted,,,,,
9478,Accepted,,,,,
9479,Accepted,,,,,
9480,Accepted,,,,,
9481,Accepted,,,,,
9482,Accepted,,,,,
9483,Accepted,,,,,
9484,Accepted,,,,,
9485,Accepted,,,,,
9486,Accepted,,,,,
9487,Accepted,,,,,
9488,Accepted,,,,,
9489,Accepted,,,,,
9490,Accepted,,,,,
9491,Accepted,,,,,
9492,Accepted,,,,,
9493,Accepted,,,,,
9494,Accepted,,,,,
9495,Accepted,,,,,
9496,Accepted,,,,,
9497,Accepted,,,,,
9498,Accepted,,,,,
9499,Accepted,,,,,
9500,Accepted,,,,,
9501,Accepted,,,,,
9502,Accepted,,,,,
9503,Accepted,,,,,
9504,Accepted,,,,,
9505,Accepted,,,,,
9506,Accepted,,,,,
9507,Accepted,,,,,
9508,Accepted,,,,,
9509,Accepted,,,,,
9510,Accepted,,,,,
9511,Accepted,,,,,
9512,Accepted,,,,,
9513,Accepted,,,,,
9514,Accepted,,,,,
9515,Accepted,,,,,
9516,Accepted,,,,,
9517,Accepted,,,,,
9518,Accepted,,,,,
9519,Accepted,,,,,
9520,Accepted,,,,,
9521,Accepted,,,,,
9522,Accepted,,,,,
9523,Accepted,,,,,
9524,Accepted,,,,,
9525,Accepted,,,,,
9526,Accepted,,,,,
9527,Accepted,,,,,
9528,Accepted,,,,,
9529,Accepted,,,,,
9530,Accepted,,,,,
9531,Accepted,,,,,
9532,Accepted,,,,,
9533,Accepted,,,,,
9534,Accepted,,,,,
9535,Accepted,,,,,
9536,Accepted,,,,,
9537,Accepted,,,,,
9538,Accepted,,,,,
9539,Accepted,,,,,
9540,Accepted,,,,,
9541,Accepted,,,,,
9542,Accepted,,,,,
9543,Accepted,,,,,
9544,Accepted,,,,,
9545,Accepted,,,,,
9546,Accepted,,,,,
9547,Accepted,,,,,
9548,Accepted,,,,,
9549,Accepted,,,,,
9550,Accepted,,,,,
9551,Accepted,,,,,
9552,Accepted,,,,,
9553,Accepted,,,,,
9554,Accepted,,,,,
9555,Accepted,,,,,
9556,Accepted,,,,,
9557,Accepted,,,,,
9558,Accepted,,,,,
9559,Accepted,,,,,
9560,Accepted,,,,,
9561,Accepted,,,,,
9562,Accepted,,,,,
9563,Accepted,,,,,
9564,Accepted,,,,,
9565,Accepted,,,,,
9566,Accepted,,,,,
9567,Accepted,,,,,
9568,Accepted,,,,,
9569,Accepted,,,,,
9570,Accepted,,,,,
9571,Accepted,,,,,
9572,Accepted,,,,,
9573,Accepted,,,,,
9574,Accepted,,,,,
9575,Accepted,,,,,
9576,Accepted,,,,,
9577,Accepted,,,,,
9578,Accepted,,,,,
9579,Accepted,,,,,
9580,Accepted,,,,,
9581,Accepted,,,,,
9582,Accepted,,,,,
9583,Accepted,,,,,
9584,Accepted,,,,,
9585,Accepted,,,,,
9586,Accepted,,,,,
9587,Accepted,,,,,
9588,Accepted,,,,,
9589,Accepted,,,,,
9590,Accepted,,,,,
9591,Accepted,,,,,
9592,Accepted,,,,,
9593,Accepted,,,,,
9594,Accepted,,,,,
9595,Accepted,,,,,
9596,Accepted,,,,,
9597,Accepted,,,,,
9598,Accepted,,,,,
9599,Accepted,,,,,
9600,Accepted,,,,,
9601,Accepted,,,,,
9602,Accepted,,,,,
9603,Accepted,,,,,
9604,Accepted,,,,,
9605,Accepted,,,,,
9606,Accepted,,,,,
9607,Accepted,,,,,
9608,Accepted,,,,,
9609,Accepted,,,,,
9610,Accepted,,,,,
9611,Accepted,,,,,
9612,Accepted,,,,,
9613,Accepted,,,,,
9614,Accepted,,,,,
9615,Accepted,,,,,
9616,Accepted,,,,,
9617,Accepted,,,,,
9618,Accepted,,,,,
9619,Accepted,,,,,
9620,Accepted,,,,,
9621,Accepted,,,,,
9622,Accepted,,,,,
9623,Accepted,,,,,
9624,Accepted,,,,,
9625,Accepted,,,,,
9626,Accepted,,,,,
9627,Accepted,,,,,
9628,Accepted,,,,,
9629,Accepted,,,,,
9630,Accepted,,,,,
9631,Accepted,,,,,
9632,Accepted,,,,,
9633,Accepted,,,,,
9634,Accepted,,,,,
9635,Accepted,,,,,
9636,Accepted,,,,,
9637,Accepted,,,,,
9638,Accepted,,,,,
9639,Accepted,,,,,
9640,Accepted,,,,,
9641,Accepted,,,,,
9642,Accepted,,,,,
9643,Accepted,,,,,
9644,Accepted,,,,,
9645,Accepted,,,,,
9646,Accepted,,,,,
9647,Accepted,,,,,
9648,Accepted,,,,,
9649,Accepted,,,,,
9650,Accepted,,,,,
9651,Accepted,,,,,
9652,Accepted,,,,,
9653,Accepted,,,,,
9654,Accepted,,,,,
9655,Accepted,,,,,
9656,Accepted,,,,,
9657,Accepted,,,,,
9658,Accepted,,,,,
9659,Accepted,,,,,
9660,Accepted,,,,,
9661,Accepted,,,,,
9662,Accepted,,,,,
9663,Accepted,,,,,
9664,Accepted,,,,,
9665,Accepted,,,,,
9666,Accepted,,,,,
9667,Accepted,,,,,
9668,Accepted,,,,,
9669,Accepted,,,,,
9670,Accepted,,,,,
9671,Accepted,,,,,
9672,Accepted,,,,,
9673,Accepted,,,,,
9674,Accepted,,,,,
9675,Accepted,,,,,
9676,Accepted,,,,,
9677,Accepted,,,,,
9678,Accepted,,,,,
9679,Accepted,,,,,
9680,Accepted,,,,,
9681,Accepted,,,,,
9682,Accepted,,,,,
9683,Accepted,,,,,
9684,Accepted,,,,,
9685,Accepted,,,,,
9686,Accepted,,,,,
9687,Accepted,,,,,
9688,Accepted,,,,,
9689,Accepted,,,,,
9690,Accepted,,,,,
9691,Accepted,,,,,
9692,Accepted,,,,,
9693,Accepted,,,,,
9694,Accepted,,,,,
9695,Accepted,,,,,
9696,Accepted,,,,,
9697,Accepted,,,,,
9698,Accepted,,,,,
9699,Accepted,,,,,
9700,Accepted,,,,,
9701,Accepted,,,,,
9702,Accepted,,,,,
9703,Accepted,,,,,
9704,Accepted,,,,,
9705,Accepted,,,,,
9706,Accepted,,,,,
9707,Accepted,,,,,
9708,Accepted,,,,,
9709,Accepted,,,,,
9710,Accepted,,,,,
9711,Accepted,,,,,
9712,Accepted,,,,,
9713,Accepted,,,,,
9714,Accepted,,,,,
9715,Accepted,,,,,
9716,Accepted,,,,,
9717,Accepted,,,,,
9718,Accepted,,,,,
9719,Accepted,,,,,
9720,Accepted,,,,,
9721,Accepted,,,,,
9722,Accepted,,,,,
9723,Accepted,,,,,
9724,Accepted,,,,,
9725,Accepted,,,,,
9726,Accepted,,,,,
9727,Accepted,,,,,
9728,Accepted,,,,,
9729,Accepted,,,,,
9730,Accepted,,,,,
9731,Accepted,,,,,
9732,Accepted,,,,,
9733,Accepted,,,,,
9734,Accepted,,,,,
9735,Accepted,,,,,
9736,Accepted,,,,,
9737,Accepted,,,,,
9738,Accepted,,,,,
9739,Accepted,,,,,
9740,Accepted,,,,,
9741,Accepted,,,,,
9742,Accepted,,,,,
9743,Accepted,,,,,
9744,Accepted,,,,,
9745,Accepted,,,,,
9746,Accepted,,,,,
9747,Accepted,,,,,
9748,Accepted,,,,,
9749,Accepted,,,,,
9750,Accepted,,,,,
9751,Accepted,,,,,
9752,Accepted,,,,,
9753,Accepted,,,,,
9754,Accepted,,,,,
9755,Accepted,,,,,
9756,Accepted,,,,,
9757,Accepted,,,,,
9758,Accepted,,,,,
9759,Accepted,,,,,
9760,Accepted,,,,,
9761,Accepted,,,,,
9762,Accepted,,,,,
9763,Accepted,,,,,
9764,Accepted,,,,,
9765,Accepted,,,,,
9766,Accepted,,,,,
9767,Accepted,,,,,
9768,Accepted,,,,,
9769,Accepted,,,,,
9770,Accepted,,,,,
9771,Accepted,,,,,
9772,Accepted,,,,,
9773,Accepted,,,,,
9774,Accepted,,,,,
9775,Accepted,,,,,
9776,Accepted,,,,,
9777,Accepted,,,,,
9778,Accepted,,,,,
9779,Accepted,,,,,
9780,Accepted,,,,,
9781,Accepted,,,,,
9782,Accepted,,,,,
9783,Accepted,,,,,
9784,Accepted,,,,,
9785,Accepted,,,,,
9786,Accepted,,,,,
9787,Accepted,,,,,
9788,Accepted,,,,,
9789,Accepted,,,,,
9790,Accepted,,,,,
9791,Accepted,,,,,
9792,Accepted,,,,,
9793,Accepted,,,,,
9794,Accepted,,,,,
9795,Accepted,,,,,
9796,Accepted,,,,,
9797,Accepted,,,,,
9798,Accepted,,,,,
9799,Accepted,,,,,
9800,Accepted,,,,,
9801,Accepted,,,,,
9802,Accepted,,,,,
9803,Accepted,,,,,
9804,Accepted,,,,,
9805,Accepted,,,,,
9806,Accepted,,,,,
9807,Accepted,,,,,
9808,Accepted,,,,,
9809,Accepted,,,,,
9810,Accepted,,,,,
9811,Accepted,,,,,
9812,Accepted,,,,,
9813,Accepted,,,,,
9814,Accepted,,,,,
9815,Accepted,,,,,
9816,Accepted,,,,,
9817,Accepted,,,,,
9818,Accepted,,,,,
9819,Accepted,,,,,
9820,Accepted,,,,,
9821,Accepted,,,,,
9822,Accepted,,,,,
9823,Accepted,,,,,
9824,Accepted,,,,,
9825,Accepted,,,,,
9826,Accepted,,,,,
9827,Accepted,,,,,
9828,Accepted,,,,,
9829,Accepted,,,,,
9830,Accepted,,,,,
9831,Accepted,,,,,
9832,Accepted,,,,,
9833,Accepted,,,,,
9834,Accepted,,,,,
9835,Accepted,,,,,
9836,Accepted,,,,,
9837,Accepted,,,,,
9838,Accepted,,,,,
9839,Accepted,,,,,
9840,Accepted,,,,,
9841,Accepted,,,,,
9842,Accepted,,,,,
9843,Accepted,,,,,
9844,Accepted,,,,,
9845,Accepted,,,,,
9846,Accepted,,,,,
9847,Accepted,,,,,
9848,Accepted,,,,,
9849,Accepted,,,,,
9850,Accepted,,,,,
9851,Accepted,,,,,
9852,Accepted,,,,,
9853,Accepted,,,,,
9854,Accepted,,,,,
9855,Accepted,,,,,
9856,Accepted,,,,,
9857,Accepted,,,,,
9858,Accepted,,,,,
9859,Accepted,,,,,
9860,Accepted,,,,,
9861,Accepted,,,,,
9862,Accepted,,,,,
9863,Accepted,,,,,
9864,Accepted,,,,,
9865,Accepted,,,,,
9866,Accepted,,,,,
9867,Accepted,,,,,
9868,Accepted,,,,,
9869,Accepted,,,,,
9870,Accepted,,,,,
9871,Accepted,,,,,
9872,Accepted,,,,,
9873,Accepted,,,,,
9874,Accepted,,,,,
9875,Accepted,,,,,
9876,Accepted,,,,,
9877,Accepted,,,,,
9878,Accepted,,,,,
9879,Accepted,,,,,
9880,Accepted,,,,,
9881,Accepted,,,,,
9882,Accepted,,,,,
9883,Accepted,,,,,
9884,Accepted,,,,,
9885,Accepted,,,,,
9886,Accepted,,,,,
9887,Accepted,,,,,
9888,Accepted,,,,,
9889,Accepted,,,,,
9890,Accepted,,,,,
9891,Accepted,,,,,
9892,Accepted,,,,,
9893,Accepted,,,,,
9894,Accepted,,,,,
9895,Accepted,,,,,
9896,Accepted,,,,,
9897,Accepted,,,,,
9898,Accepted,,,,,
9899,Accepted,,,,,
9900,Accepted,,,,,
9901,Accepted,,,,,
9902,Accepted,,,,,
9903,Accepted,,,,,
9904,Accepted,,,,,
9905,Accepted,,,,,
9906,Accepted,,,,,
9907,Accepted,,,,,
9908,Accepted,,,,,
9909,Accepted,,,,,
9910,Accepted,,,,,
9911,Accepted,,,,,
9912,Accepted,,,,,
9913,Accepted,,,,,
9914,Accepted,,,,,
9915,Accepted,,,,,
9916,Accepted,,,,,
9917,Accepted,,,,,
9918,Accepted,,,,,
9919,Accepted,,,,,
9920,Accepted,,,,,
9921,Accepted,,,,,
9922,Accepted,,,,,
9923,Accepted,,,,,
9924,Accepted,,,,,
9925,Accepted,,,,,
9926,Accepted,,,,,
9927,Accepted,,,,,
9928,Accepted,,,,,
9929,Accepted,,,,,
9930,Accepted,,,,,
9931,Accepted,,,,,
9932,Accepted,,,,,
9933,Accepted,,,,,
9934,Accepted,,,,,
9935,Accepted,,,,,
9936,Accepted,,,,,
9937,Accepted,,,,,
9938,Accepted,,,,,
9939,Accepted,,,,,
9940,Accepted,,,,,
9941,Accepted,,,,,
9942,Accepted,,,,,
9943,Accepted,,,,,
9944,Accepted,,,,,
9945,Accepted,,,,,
9946,Accepted,,,,,
9947,Accepted,,,,,
9948,Accepted,,,,,
9949,Accepted,,,,,
9950,Accepted,,,,,
9951,Accepted,,,,,
9952,Accepted,,,,,
9953,Accepted,,,,,
9954,Accepted,,,,,
9955,Accepted,,,,,
9956,Accepted,,,,,
9957,Accepted,,,,,
9958,Accepted,,,,,
9959,Accepted,,,,,
9960,Accepted,,,,,
9961,Accepted,,,,,
9962,Accepted,,,,,
9963,Accepted,,,,,
9964,Accepted,,,,,
9965,Accepted,,,,,
9966,Accepted,,,,,
9967,Accepted,,,,,
9968,Accepted,,,,,
9969,Accepted,,,,,
9970,Accepted,,,,,
9971,Accepted,,,,,
9972,Accepted,,,,,
9973,Accepted,,,,,
9974,Accepted,,,,,
9975,Accepted,,,,,
9976,Accepted,,,,,
9977,Accepted,,,,,
9978,Accepted,,,,,
9979,Accepted,,,,,
9980,Accepted,,,,,
9981,Accepted,,,,,
9982,Accepted,,,,,
9983,Accepted,,,,,
9984,Accepted,,,,,
9985,Accepted,,,,,
9986,Accepted,,,,,
9987,Accepted,,,,,
9988,Accepted,,,,,
9989,Accepted,,,,,
9990,Accepted,,,,,
9991,Accepted,,,,,
9992,Accepted,,,,,
9993,Accepted,,,,,
9994,Accepted,,,,,
9995,Accepted,,,,,
9996,Accepted,,,,,
9997,Accepted,,,,,
9998,Accepted,,,,,
9999,Accepted,,,,,
10000,Accepted,,,,,
10001,Accepted,,,,,
10002,Accepted,,,,,
10003,Accepted,,,,,
10004,Accepted,,,,,
10005,Accepted,,,,,
10006,Accepted,,,,,
10007,Accepted,,,,,
10008,Accepted,,,,,
10009,Accepted,,,,,
10010,Accepted,,,,,
10011,Accepted,,,,,
10012,Accepted,,,,,
10013,Accepted,,,,,
10014,Accepted,,,,,
10015,Accepted,,,,,
10016,Accepted,,,,,
10017,Accepted,,,,,
10018,Accepted,,,,,
10019,Accepted,,,,,
10020,Accepted,,,,,
10021,Accepted,,,,,
10022,Accepted,,,,,
10023,Accepted,,,,,
10024,Accepted,,,,,
10025,Accepted,,,,,
10026,Accepted,,,,,
10027,Accepted,,,,,
10028,Accepted,,,,,
10029,Accepted,,,,,
10030,Accepted,,,,,
10031,Accepted,,,,,
10032,Accepted,,,,,
10033,Accepted,,,,,
10034,Accepted,,,,,
10035,Accepted,,,,,
10036,Accepted,,,,,
10037,Accepted,,,,,
10038,Accepted,,,,,
10039,Accepted,,,,,
10040,Accepted,,,,,
10041,Accepted,,,,,
10042,Accepted,,,,,
10043,Accepted,,,,,
10044,Accepted,,,,,
10045,Accepted,,,,,
10046,Accepted,,,,,
10047,Accepted,,,,,
10048,Accepted,,,,,
10049,Accepted,,,,,
10050,Accepted,,,,,
10051,Accepted,,,,,
10052,Accepted,,,,,
10053,Accepted,,,,,
10054,Accepted,,,,,
10055,Accepted,,,,,
10056,Accepted,,,,,
10057,Accepted,,,,,
10058,Accepted,,,,,
10059,Accepted,,,,,
10060,Accepted,,,,,
10061,Accepted,,,,,
10062,Accepted,,,,,
10063,Accepted,,,,,
10064,Accepted,,,,,
10065,Accepted,,,,,
10066,Accepted,,,,,
10067,Accepted,,,,,
10068,Accepted,,,,,
10069,Accepted,,,,,
10070,Accepted,,,,,
10071,Accepted,,,,,
10072,Accepted,,,,,
10073,Accepted,,,,,
10074,Accepted,,,,,
10075,Accepted,,,,,
10076,Accepted,,,,,
10077,Accepted,,,,,
10078,Accepted,,,,,
10079,Accepted,,,,,
10080,Accepted,,,,,
10081,Accepted,,,,,
10082,Accepted,,,,,
10083,Accepted,,,,,
10084,Accepted,,,,,
10085,Accepted,,,,,
10086,Accepted,,,,,
10087,Accepted,,,,,
10088,Accepted,,,,,
10089,Accepted,,,,,
10090,Accepted,,,,,
10091,Accepted,,,,,
10092,Accepted,,,,,
10093,Accepted,,,,,
10094,Accepted,,,,,
10095,Accepted,,,,,
10096,Accepted,,,,,
10097,Accepted,,,,,
10098,Accepted,,,,,
10099,Accepted,,,,,
10100,Accepted,,,,,
10101,Accepted,,,,,
10102,Accepted,,,,,
10103,Accepted,,,,,
10104,Accepted,,,,,
10105,Accepted,,,,,
10106,Accepted,,,,,
10107,Accepted,,,,,
10108,Accepted,,,,,
10109,Accepted,,,,,
10110,Accepted,,,,,
10111,Accepted,,,,,
10112,Accepted,,,,,
10113,Accepted,,,,,
10114,Accepted,,,,,
10115,Accepted,,,,,
10116,Accepted,,,,,
10117,Accepted,,,,,
10118,Accepted,,,,,
10119,Accepted,,,,,
10120,Accepted,,,,,
10121,Accepted,,,,,
10122,Accepted,,,,,
10123,Accepted,,,,,
10124,Accepted,,,,,
10125,Accepted,,,,,
10126,Accepted,,,,,
10127,Accepted,,,,,
10128,Accepted,,,,,
10129,Accepted,,,,,
10130,Accepted,,,,,
10131,Accepted,,,,,
10132,Accepted,,,,,
10133,Accepted,,,,,
10134,Accepted,,,,,
10135,Accepted,,,,,
10136,Accepted,,,,,
10137,Accepted,,,,,
10138,Accepted,,,,,
10139,Accepted,,,,,
10140,Accepted,,,,,
10141,Accepted,,,,,
10142,Accepted,,,,,
10143,Accepted,,,,,
10144,Accepted,,,,,
10145,Accepted,,,,,
10146,Accepted,,,,,
10147,Accepted,,,,,
10148,Accepted,,,,,
10149,Accepted,,,,,
10150,Accepted,,,,,
10151,Accepted,,,,,
10152,Accepted,,,,,
10153,Accepted,,,,,
10154,Accepted,,,,,
10155,Accepted,,,,,
10156,Accepted,,,,,
10157,Accepted,,,,,
10158,Accepted,,,,,
10159,Accepted,,,,,
10160,Accepted,,,,,
10161,Accepted,,,,,
10162,Accepted,,,,,
10163,Accepted,,,,,
10164,Accepted,,,,,
10165,Accepted,,,,,
10166,Accepted,,,,,
10167,Accepted,,,,,
10168,Accepted,,,,,
10169,Accepted,,,,,
10170,Accepted,,,,,
10171,Accepted,,,,,
10172,Accepted,,,,,
10173,Accepted,,,,,
10174,Accepted,,,,,
10175,Accepted,,,,,
10176,Accepted,,,,,
10177,Accepted,,,,,
10178,Accepted,,,,,
10179,Accepted,,,,,
10180,Accepted,,,,,
10181,Accepted,,,,,
10182,Accepted,,,,,
10183,Accepted,,,,,
10184,Accepted,,,,,
10185,Accepted,,,,,
10186,Accepted,,,,,
10187,Accepted,,,,,
10188,Accepted,,,,,
10189,Accepted,,,,,
10190,Accepted,,,,,
10191,Accepted,,,,,
10192,Accepted,,,,,
10193,Accepted,,,,,
10194,Accepted,,,,,
10195,Accepted,,,,,
10196,Accepted,,,,,
10197,Accepted,,,,,
10198,Accepted,,,,,
10199,Accepted,,,,,
10200,Accepted,,,,,
10201,Accepted,,,,,
10202,Accepted,,,,,
10203,Accepted,,,,,
10204,Accepted,,,,,
10205,Accepted,,,,,
10206,Accepted,,,,,
10207,Accepted,,,,,
10208,Accepted,,,,,
10209,Accepted,,,,,
10210,Accepted,,,,,
10211,Accepted,,,,,
10212,Accepted,,,,,
10213,Accepted,,,,,
10214,Accepted,,,,,
10215,Accepted,,,,,
10216,Accepted,,,,,
10217,Accepted,,,,,
10218,Accepted,,,,,
10219,Accepted,,,,,
10220,Accepted,,,,,
10221,Accepted,,,,,
10222,Accepted,,,,,
10223,Accepted,,,,,
10224,Accepted,,,,,
10225,Accepted,,,,,
10226,Accepted,,,,,
10227,Accepted,,,,,
10228,Accepted,,,,,
10229,Accepted,,,,,
10230,Accepted,,,,,
10231,Accepted,,,,,
10232,Accepted,,,,,
10233,Accepted,,,,,
10234,Accepted,,,,,
10235,Accepted,,,,,
10236,Accepted,,,,,
10237,Accepted,,,,,
10238,Accepted,,,,,
10239,Accepted,,,,,
10240,Accepted,,,,,
10241,Accepted,,,,,
10242,Accepted,,,,,
10243,Accepted,,,,,
10244,Accepted,,,,,
10245,Accepted,,,,,
10246,Accepted,,,,,
10247,Accepted,,,,,
10248,Accepted,,,,,
10249,Accepted,,,,,
10250,Accepted,,,,,
10251,Accepted,,,,,
10252,Accepted,,,,,
10253,Accepted,,,,,
10254,Accepted,,,,,
10255,Accepted,,,,,
10256,Accepted,,,,,
10257,Accepted,,,,,
10258,Accepted,,,,,
10259,Accepted,,,,,
10260,Accepted,,,,,
10261,Accepted,,,,,
10262,Accepted,,,,,
10263,Accepted,,,,,
10264,Accepted,,,,,
10265,Accepted,,,,,
10266,Accepted,,,,,
10267,Accepted,,,,,
10268,Accepted,,,,,
10269,Accepted,,,,,
10270,Accepted,,,,,
10271,Accepted,,,,,
10272,Accepted,,,,,
10273,Accepted,,,,,
10274,Accepted,,,,,
10275,Accepted,,,,,
10276,Accepted,,,,,
10277,Accepted,,,,,
10278,Accepted,,,,,
10279,Accepted,,,,,
10280,Accepted,,,,,
10281,Accepted,,,,,
10282,Accepted,,,,,
10283,Accepted,,,,,
10284,Accepted,,,,,
10285,Accepted,,,,,
10286,Accepted,,,,,
10287,Accepted,,,,,
10288,Accepted,,,,,
10289,Accepted,,,,,
10290,Accepted,,,,,
10291,Accepted,,,,,
10292,Accepted,,,,,
10293,Accepted,,,,,
10294,Accepted,,,,,
10295,Accepted,,,,,
10296,Accepted,,,,,
10297,Accepted,,,,,
10298,Accepted,,,,,
10299,Accepted,,,,,
10300,Accepted,,,,,
10301,Accepted,,,,,
10302,Accepted,,,,,
10303,Accepted,,,,,
10304,Accepted,,,,,
10305,Accepted,,,,,
10306,Accepted,,,,,
10307,Accepted,,,,,
10308,Accepted,,,,,
10309,Accepted,,,,,
10310,Accepted,,,,,
10311,Accepted,,,,,
10312,Accepted,,,,,
10313,Accepted,,,,,
10314,Accepted,,,,,
10315,Accepted,,,,,
10316,Accepted,,,,,
10317,Accepted,,,,,
10318,Accepted,,,,,
10319,Accepted,,,,,
10320,Accepted,,,,,
10321,Accepted,,,,,
10322,Accepted,,,,,
10323,Accepted,,,,,
10324,Accepted,,,,,
10325,Accepted,,,,,
10326,Accepted,,,,,
10327,Accepted,,,,,
10328,Accepted,,,,,
10329,Accepted,,,,,
10330,Accepted,,,,,
10331,Accepted,,,,,
10332,Accepted,,,,,
10333,Accepted,,,,,
10334,Accepted,,,,,
10335,Accepted,,,,,
10336,Accepted,,,,,
10337,Accepted,,,,,
10338,Accepted,,,,,
10339,Accepted,,,,,
10340,Accepted,,,,,
10341,Accepted,,,,,
10342,Accepted,,,,,
10343,Accepted,,,,,
10344,Accepted,,,,,
10345,Accepted,,,,,
10346,Accepted,,,,,
10347,Accepted,,,,,
10348,Accepted,,,,,
10349,Accepted,,,,,
10350,Accepted,,,,,
10351,Accepted,,,,,
10352,Accepted,,,,,
10353,Accepted,,,,,
10354,Accepted,,,,,
10355,Accepted,,,,,
10356,Accepted,,,,,
10357,Accepted,,,,,
10358,Accepted,,,,,
10359,Accepted,,,,,
10360,Accepted,,,,,
10361,Accepted,,,,,
10362,Accepted,,,,,
10363,Accepted,,,,,
10364,Accepted,,,,,
10365,Accepted,,,,,
10366,Accepted,,,,,
10367,Accepted,,,,,
10368,Accepted,,,,,
10369,Accepted,,,,,
10370,Accepted,,,,,
10371,Accepted,,,,,
10372,Accepted,,,,,
10373,Accepted,,,,,
10374,Accepted,,,,,
10375,Accepted,,,,,
10376,Accepted,,,,,
10377,Accepted,,,,,
10378,Accepted,,,,,
10379,Accepted,,,,,
10380,Accepted,,,,,
10381,Accepted,,,,,
10382,Accepted,,,,,
10383,Accepted,,,,,
10384,Accepted,,,,,
10385,Accepted,,,,,
10386,Accepted,,,,,
10387,Accepted,,,,,
10388,Accepted,,,,,
10389,Accepted,,,,,
10390,Accepted,,,,,
10391,Accepted,,,,,
10392,Accepted,,,,,
10393,Accepted,,,,,
10394,Accepted,,,,,
10395,Accepted,,,,,
10396,Accepted,,,,,
10397,Accepted,,,,,
10398,Accepted,,,,,
10399,Accepted,,,,,
10400,Accepted,,,,,
10401,Accepted,,,,,
10402,Accepted,,,,,
10403,Accepted,,,,,
10404,Accepted,,,,,
10405,Accepted,,,,,
10406,Accepted,,,,,
10407,Accepted,,,,,
10408,Accepted,,,,,
10409,Accepted,,,,,
10410,Accepted,,,,,
10411,Accepted,,,,,
10412,Accepted,,,,,
10413,Accepted,,,,,
10414,Accepted,,,,,
10415,Accepted,,,,,
10416,Accepted,,,,,
10417,Accepted,,,,,
10418,Accepted,,,,,
10419,Accepted,,,,,
10420,Accepted,,,,,
10421,Accepted,,,,,
10422,Accepted,,,,,
10423,Accepted,,,,,
10424,Accepted,,,,,
10425,Accepted,,,,,
10426,Accepted,,,,,
10427,Accepted,,,,,
10428,Accepted,,,,,
10429,Accepted,,,,,
10430,Accepted,,,,,
10431,Accepted,,,,,
10432,Accepted,,,,,
10433,Accepted,,,,,
10434,Accepted,,,,,
10435,Accepted,,,,,
10436,Accepted,,,,,
10437,Accepted,,,,,
10438,Accepted,,,,,
10439,Accepted,,,,,
10440,Accepted,,,,,
10441,Accepted,,,,,
10442,Accepted,,,,,
10443,Accepted,,,,,
10444,Accepted,,,,,
10445,Accepted,,,,,
10446,Accepted,,,,,
10447,Accepted,,,,,
10448,Accepted,,,,,
10449,Accepted,,,,,
10450,Accepted,,,,,
10451,Accepted,,,,,
10452,Accepted,,,,,
10453,Accepted,,,,,
10454,Accepted,,,,,
10455,Accepted,,,,,
10456,Accepted,,,,,
10457,Accepted,,,,,
10458,Accepted,,,,,
10459,Accepted,,,,,
10460,Accepted,,,,,
10461,Accepted,,,,,
10462,Accepted,,,,,
10463,Accepted,,,,,
10464,Accepted,,,,,
10465,Accepted,,,,,
10466,Accepted,,,,,
10467,Accepted,,,,,
10468,Accepted,,,,,
10469,Accepted,,,,,
10470,Accepted,,,,,
10471,Accepted,,,,,
10472,Accepted,,,,,
10473,Accepted,,,,,
10474,Accepted,,,,,
10475,Accepted,,,,,
10476,Accepted,,,,,
10477,Accepted,,,,,
10478,Accepted,,,,,
10479,Accepted,,,,,
10480,Accepted,,,,,
10481,Accepted,,,,,
10482,Accepted,,,,,
10483,Accepted,,,,,
10484,Accepted,,,,,
10485,Accepted,,,,,
10486,Accepted,,,,,
10487,Accepted,,,,,
10488,Accepted,,,,,
10489,Accepted,,,,,
10490,Accepted,,,,,
10491,Accepted,,,,,
10492,Accepted,,,,,
10493,Accepted,,,,,
10494,Accepted,,,,,
10495,Accepted,,,,,
10496,Accepted,,,,,
10497,Accepted,,,,,
10498,Accepted,,,,,
10499,Accepted,,,,,
10500,Accepted,,,,,
10501,Accepted,,,,,
10502,Accepted,,,,,
10503,Accepted,,,,,
10504,Accepted,,,,,
10505,Accepted,,,,,
10506,Accepted,,,,,
10507,Accepted,,,,,
10508,Accepted,,,,,
10509,Accepted,,,,,
10510,Accepted,,,,,
10511,Accepted,,,,,
10512,Accepted,,,,,
10513,Accepted,,,,,
10514,Accepted,,,,,
10515,Accepted,,,,,
10516,Accepted,,,,,
10517,Accepted,,,,,
10518,Accepted,,,,,
10519,Accepted,,,,,
10520,Accepted,,,,,
10521,Accepted,,,,,
10522,Accepted,,,,,
10523,Accepted,,,,,
10524,Accepted,,,,,
10525,Accepted,,,,,
10526,Accepted,,,,,
10527,Accepted,,,,,
10528,Accepted,,,,,
10529,Accepted,,,,,
10530,Accepted,,,,,
10531,Accepted,,,,,
10532,Accepted,,,,,
10533,Accepted,,,,,
10534,Accepted,,,,,
10535,Accepted,,,,,
10536,Accepted,,,,,
10537,Accepted,,,,,
10538,Accepted,,,,,
10539,Accepted,,,,,
10540,Accepted,,,,,
10541,Accepted,,,,,
10542,Accepted,,,,,
10543,Accepted,,,,,
10544,Accepted,,,,,
10545,Accepted,,,,,
10546,Accepted,,,,,
10547,Accepted,,,,,
10548,Accepted,,,,,
10549,Accepted,,,,,
10550,Accepted,,,,,
10551,Accepted,,,,,
10552,Accepted,,,,,
10553,Accepted,,,,,
10554,Accepted,,,,,
10555,Accepted,,,,,
10556,Accepted,,,,,
10557,Accepted,,,,,
10558,Accepted,,,,,
10559,Accepted,,,,,
10560,Accepted,,,,,
10561,Accepted,,,,,
10562,Accepted,,,,,
10563,Accepted,,,,,
10564,Accepted,,,,,
10565,Accepted,,,,,
10566,Accepted,,,,,
10567,Accepted,,,,,
10568,Accepted,,,,,
10569,Accepted,,,,,
10570,Accepted,,,,,
10571,Accepted,,,,,
10572,Accepted,,,,,
10573,Accepted,,,,,
10574,Accepted,,,,,
10575,Accepted,,,,,
10576,Accepted,,,,,
10577,Accepted,,,,,
10578,Accepted,,,,,
10579,Accepted,,,,,
10580,Accepted,,,,,
10581,Accepted,,,,,
10582,Accepted,,,,,
10583,Accepted,,,,,
10584,Accepted,,,,,
10585,Accepted,,,,,
10586,Accepted,,,,,
10587,Accepted,,,,,
10588,Accepted,,,,,
10589,Accepted,,,,,
10590,Accepted,,,,,
10591,Accepted,,,,,
10592,Accepted,,,,,
10593,Accepted,,,,,
10594,Accepted,,,,,
10595,Accepted,,,,,
10596,Accepted,,,,,
10597,Accepted,,,,,
10598,Accepted,,,,,
10599,Accepted,,,,,
10600,Accepted,,,,,
10601,Accepted,,,,,
10602,Accepted,,,,,
10603,Accepted,,,,,
10604,Accepted,,,,,
10605,Accepted,,,,,
10606,Accepted,,,,,
10607,Accepted,,,,,
10608,Accepted,,,,,
10609,Accepted,,,,,
10610,Accepted,,,,,
10611,Accepted,,,,,
10612,Accepted,,,,,
10613,Accepted,,,,,
10614,Accepted,,,,,
10615,Accepted,,,,,
10616,Accepted,,,,,
10617,Accepted,,,,,
10618,Accepted,,,,,
10619,Accepted,,,,,
10620,Accepted,,,,,
10621,Accepted,,,,,
10622,Accepted,,,,,
10623,Accepted,,,,,
10624,Accepted,,,,,
10625,Accepted,,,,,
10626,Accepted,,,,,
10627,Accepted,,,,,
10628,Accepted,,,,,
10629,Accepted,,,,,
10630,Accepted,,,,,
10631,Accepted,,,,,
10632,Accepted,,,,,
10633,Accepted,,,,,
10634,Accepted,,,,,
10635,Accepted,,,,,
10636,Accepted,,,,,
10637,Accepted,,,,,
10638,Accepted,,,,,
10639,Accepted,,,,,
10640,Accepted,,,,,
10641,Accepted,,,,,
10642,Accepted,,,,,
10643,Accepted,,,,,
10644,Accepted,,,,,
10645,Accepted,,,,,
10646,Accepted,,,,,
10647,Accepted,,,,,
10648,Accepted,,,,,
10649,Accepted,,,,,
10650,Accepted,,,,,
10651,Accepted,,,,,
10652,Accepted,,,,,
10653,Accepted,,,,,
10654,Accepted,,,,,
10655,Accepted,,,,,
10656,Accepted,,,,,
10657,Accepted,,,,,
10658,Accepted,,,,,
10659,Accepted,,,,,
10660,Accepted,,,,,
10661,Accepted,,,,,
10662,Accepted,,,,,
10663,Accepted,,,,,
10664,Accepted,,,,,
10665,Accepted,,,,,
10666,Accepted,,,,,
10667,Accepted,,,,,
10668,Accepted,,,,,
10669,Accepted,,,,,
10670,Accepted,,,,,
10671,Accepted,,,,,
10672,Accepted,,,,,
10673,Accepted,,,,,
10674,Accepted,,,,,
10675,Accepted,,,,,
10676,Accepted,,,,,
10677,Accepted,,,,,
10678,Accepted,,,,,
10679,Accepted,,,,,
10680,Accepted,,,,,
10681,Accepted,,,,,
10682,Accepted,,,,,
10683,Accepted,,,,,
10684,Accepted,,,,,
10685,Accepted,,,,,
10686,Accepted,,,,,
10687,Accepted,,,,,
10688,Accepted,,,,,
10689,Accepted,,,,,
10690,Accepted,,,,,
10691,Accepted,,,,,
10692,Accepted,,,,,
10693,Accepted,,,,,
10694,Accepted,,,,,
10695,Accepted,,,,,
10696,Accepted,,,,,
10697,Accepted,,,,,
10698,Accepted,,,,,
10699,Accepted,,,,,
10700,Accepted,,,,,
10701,Accepted,,,,,
10702,Accepted,,,,,
10703,Accepted,,,,,
10704,Accepted,,,,,
10705,Accepted,,,,,
10706,Accepted,,,,,
10707,Accepted,,,,,
10708,Accepted,,,,,
10709,Accepted,,,,,
10710,Accepted,,,,,
10711,Accepted,,,,,
10712,Accepted,,,,,
10713,Accepted,,,,,
10714,Accepted,,,,,
10715,Accepted,,,,,
10716,Accepted,,,,,
10717,Accepted,,,,,
10718,Accepted,,,,,
10719,Accepted,,,,,
10720,Accepted,,,,,
10721,Accepted,,,,,
10722,Accepted,,,,,
10723,Accepted,,,,,
10724,Accepted,,,,,
10725,Accepted,,,,,
10726,Accepted,,,,,
10727,Accepted,,,,,
10728,Accepted,,,,,
10729,Accepted,,,,,
10730,Accepted,,,,,
10731,Accepted,,,,,
10732,Accepted,,,,,
10733,Accepted,,,,,
10734,Accepted,,,,,
10735,Accepted,,,,,
10736,Accepted,,,,,
10737,Accepted,,,,,
10738,Accepted,,,,,
10739,Accepted,,,,,
10740,Accepted,,,,,
10741,Accepted,,,,,
10742,Accepted,,,,,
10743,Accepted,,,,,
10744,Accepted,,,,,
10745,Accepted,,,,,
10746,Accepted,,,,,
10747,Accepted,,,,,
10748,Accepted,,,,,
10749,Accepted,,,,,
10750,Accepted,,,,,
10751,Accepted,,,,,
10752,Accepted,,,,,
10753,Accepted,,,,,
10754,Accepted,,,,,
10755,Accepted,,,,,
10756,Accepted,,,,,
10757,Accepted,,,,,
10758,Accepted,,,,,
10759,Accepted,,,,,
10760,Accepted,,,,,
10761,Accepted,,,,,
10762,Accepted,,,,,
10763,Accepted,,,,,
10764,Accepted,,,,,
10765,Accepted,,,,,
10766,Accepted,,,,,
10767,Accepted,,,,,
10768,Accepted,,,,,
10769,Accepted,,,,,
10770,Accepted,,,,,
10771,Accepted,,,,,
10772,Accepted,,,,,
10773,Accepted,,,,,
10774,Accepted,,,,,
10775,Accepted,,,,,
10776,Accepted,,,,,
10777,Accepted,,,,,
10778,Accepted,,,,,
10779,Accepted,,,,,
10780,Accepted,,,,,
10781,Accepted,,,,,
10782,Accepted,,,,,
10783,Accepted,,,,,
10784,Accepted,,,,,
10785,Accepted,,,,,
10786,Accepted,,,,,
10787,Accepted,,,,,
10788,Accepted,,,,,
10789,Accepted,,,,,
10790,Accepted,,,,,
10791,Accepted,,,,,
10792,Accepted,,,,,
10793,Accepted,,,,,
10794,Accepted,,,,,
10795,Accepted,,,,,
10796,Accepted,,,,,
10797,Accepted,,,,,
10798,Accepted,,,,,
10799,Accepted,,,,,
10800,Accepted,,,,,
10801,Accepted,,,,,
10802,Accepted,,,,,
10803,Accepted,,,,,
10804,Accepted,,,,,
10805,Accepted,,,,,
10806,Accepted,,,,,
10807,Accepted,,,,,
10808,Accepted,,,,,
10809,Accepted,,,,,
10810,Accepted,,,,,
10811,Accepted,,,,,
10812,Accepted,,,,,
10813,Accepted,,,,,
10814,Accepted,,,,,
10815,Accepted,,,,,
10816,Accepted,,,,,
10817,Accepted,,,,,
10818,Accepted,,,,,
10819,Accepted,,,,,
10820,Accepted,,,,,
10821,Accepted,,,,,
10822,Accepted,,,,,
10823,Accepted,,,,,
10824,Accepted,,,,,
10825,Accepted,,,,,
10826,Accepted,,,,,
10827,Accepted,,,,,
10828,Accepted,,,,,
10829,Accepted,,,,,
10830,Accepted,,,,,
10831,Accepted,,,,,
10832,Accepted,,,,,
10833,Accepted,,,,,
10834,Accepted,,,,,
10835,Accepted,,,,,
10836,Accepted,,,,,
10837,Accepted,,,,,
10838,Accepted,,,,,
10839,Accepted,,,,,
10840,Accepted,,,,,
10841,Accepted,,,,,
10842,Accepted,,,,,
10843,Accepted,,,,,
10844,Accepted,,,,,
10845,Accepted,,,,,
10846,Accepted,,,,,
10847,Accepted,,,,,
10848,Accepted,,,,,
10849,Accepted,,,,,
10850,Accepted,,,,,
10851,Accepted,,,,,
10852,Accepted,,,,,
10853,Accepted,,,,,
10854,Accepted,,,,,
10855,Accepted,,,,,
10856,Accepted,,,,,
10857,Accepted,,,,,
10858,Accepted,,,,,
10859,Accepted,,,,,
10860,Accepted,,,,,
10861,Accepted,,,,,
10862,Accepted,,,,,
10863,Accepted,,,,,
10864,Accepted,,,,,
10865,Accepted,,,,,
10866,Accepted,,,,,
10867,Accepted,,,,,
10868,Accepted,,,,,
10869,Accepted,,,,,
10870,Accepted,,,,,
10871,Accepted,,,,,
10872,Accepted,,,,,
10873,Accepted,,,,,
10874,Accepted,,,,,
10875,Accepted,,,,,
10876,Accepted,,,,,
10877,Accepted,,,,,
10878,Accepted,,,,,
10879,Accepted,,,,,
10880,Accepted,,,,,
10881,Accepted,,,,,
10882,Accepted,,,,,
10883,Accepted,,,,,
10884,Accepted,,,,,
10885,Accepted,,,,,
10886,Accepted,,,,,
10887,Accepted,,,,,
10888,Accepted,,,,,
10889,Accepted,,,,,
10890,Accepted,,,,,
10891,Accepted,,,,,
10892,Accepted,,,,,
10893,Accepted,,,,,
10894,Accepted,,,,,
10895,Accepted,,,,,
10896,Accepted,,,,,
10897,Accepted,,,,,
10898,Accepted,,,,,
10899,Accepted,,,,,
10900,Accepted,,,,,
10901,Accepted,,,,,
10902,Accepted,,,,,
10903,Accepted,,,,,
10904,Accepted,,,,,
10905,Accepted,,,,,
10906,Accepted,,,,,
10907,Accepted,,,,,
10908,Accepted,,,,,
10909,Accepted,,,,,
10910,Accepted,,,,,
10911,Accepted,,,,,
10912,Accepted,,,,,
10913,Accepted,,,,,
10914,Accepted,,,,,
10915,Accepted,,,,,
10916,Accepted,,,,,
10917,Accepted,,,,,
10918,Accepted,,,,,
10919,Accepted,,,,,
10920,Accepted,,,,,
10921,Accepted,,,,,
10922,Accepted,,,,,
10923,Accepted,,,,,
10924,Accepted,,,,,
10925,Accepted,,,,,
10926,Accepted,,,,,
10927,Accepted,,,,,
10928,Accepted,,,,,
10929,Accepted,,,,,
10930,Accepted,,,,,
10931,Accepted,,,,,
10932,Accepted,,,,,
10933,Accepted,,,,,
10934,Accepted,,,,,
10935,Accepted,,,,,
10936,Accepted,,,,,
10937,Accepted,,,,,
10938,Accepted,,,,,
10939,Accepted,,,,,
10940,Accepted,,,,,
10941,Accepted,,,,,
10942,Accepted,,,,,
10943,Accepted,,,,,
10944,Accepted,,,,,
10945,Accepted,,,,,
10946,Accepted,,,,,
10947,Accepted,,,,,
10948,Accepted,,,,,
10949,Accepted,,,,,
10950,Accepted,,,,,
10951,Accepted,,,,,
10952,Accepted,,,,,
10953,Accepted,,,,,
10954,Accepted,,,,,
10955,Accepted,,,,,
10956,Accepted,,,,,
10957,Accepted,,,,,
10958,Accepted,,,,,
10959,Accepted,,,,,
10960,Accepted,,,,,
10961,Accepted,,,,,
10962,Accepted,,,,,
10963,Accepted,,,,,
10964,Accepted,,,,,
10965,Accepted,,,,,
10966,Accepted,,,,,
10967,Accepted,,,,,
10968,Accepted,,,,,
10969,Accepted,,,,,
10970,Accepted,,,,,
10971,Accepted,,,,,
10972,Accepted,,,,,
10973,Accepted,,,,,
10974,Accepted,,,,,
10975,Accepted,,,,,
10976,Accepted,,,,,
10977,Accepted,,,,,
10978,Accepted,,,,,
10979,Accepted,,,,,
10980,Accepted,,,,,
10981,Accepted,,,,,
10982,Accepted,,,,,
10983,Accepted,,,,,
10984,Accepted,,,,,
10985,Accepted,,,,,
10986,Accepted,,,,,
10987,Accepted,,,,,
10988,Accepted,,,,,
10989,Accepted,,,,,
10990,Accepted,,,,,
10991,Accepted,,,,,
10992,Accepted,,,,,
10993,Accepted,,,,,
10994,Accepted,,,,,
10995,Accepted,,,,,
10996,Accepted,,,,,
10997,Accepted,,,,,
10998,Accepted,,,,,
10999,Accepted,,,,,
11000,Accepted,,,,,
11001,Accepted,,,,,
11002,Accepted,,,,,
11003,Accepted,,,,,
11004,Accepted,,,,,
11005,Accepted,,,,,
11006,Accepted,,,,,
11007,Accepted,,,,,
11008,Accepted,,,,,
11009,Accepted,,,,,
11010,Accepted,,,,,
11011,Accepted,,,,,
11012,Accepted,,,,,
11013,Accepted,,,,,
11014,Accepted,,,,,
11015,Accepted,,,,,
11016,Accepted,,,,,
11017,Accepted,,,,,
11018,Accepted,,,,,
11019,Accepted,,,,,
11020,Accepted,,,,,
11021,Accepted,,,,,
11022,Accepted,,,,,
11023,Accepted,,,,,
11024,Accepted,,,,,
11025,Accepted,,,,,
11026,Accepted,,,,,
11027,Accepted,,,,,
11028,Accepted,,,,,
11029,Accepted,,,,,
11030,Accepted,,,,,
11031,Accepted,,,,,
11032,Accepted,,,,,
11033,Accepted,,,,,
11034,Accepted,,,,,
11035,Accepted,,,,,
11036,Accepted,,,,,
11037,Accepted,,,,,
11038,Accepted,,,,,
11039,Accepted,,,,,
11040,Accepted,,,,,
11041,Accepted,,,,,
11042,Accepted,,,,,
11043,Accepted,,,,,
11044,Accepted,,,,,
11045,Accepted,,,,,
11046,Accepted,,,,,
11047,Accepted,,,,,
11048,Accepted,,,,,
11049,Accepted,,,,,
11050,Accepted,,,,,
11051,Accepted,,,,,
11052,Accepted,,,,,
11053,Accepted,,,,,
11054,Accepted,,,,,
11055,Accepted,,,,,
11056,Accepted,,,,,
11057,Accepted,,,,,
11058,Accepted,,,,,
11059,Accepted,,,,,
11060,Accepted,,,,,
11061,Accepted,,,,,
11062,Accepted,,,,,
11063,Accepted,,,,,
11064,Accepted,,,,,
11065,Accepted,,,,,
11066,Accepted,,,,,
11067,Accepted,,,,,
11068,Accepted,,,,,
11069,Accepted,,,,,
11070,Accepted,,,,,
11071,Accepted,,,,,
11072,Accepted,,,,,
11073,Accepted,,,,,
11074,Accepted,,,,,
11075,Accepted,,,,,
11076,Accepted,,,,,
11077,Accepted,,,,,
11078,Accepted,,,,,
11079,Accepted,,,,,
11080,Accepted,,,,,
11081,Accepted,,,,,
11082,Accepted,,,,,
11083,Accepted,,,,,
11084,Accepted,,,,,
11085,Accepted,,,,,
11086,Accepted,,,,,
11087,Accepted,,,,,
11088,Accepted,,,,,
11089,Accepted,,,,,
11090,Accepted,,,,,
11091,Accepted,,,,,
11092,Accepted,,,,,
11093,Accepted,,,,,
11094,Accepted,,,,,
11095,Accepted,,,,,
11096,Accepted,,,,,
11097,Accepted,,,,,
11098,Accepted,,,,,
11099,Accepted,,,,,
11100,Accepted,,,,,
11101,Accepted,,,,,
11102,Accepted,,,,,
11103,Accepted,,,,,
11104,Accepted,,,,,
11105,Accepted,,,,,
11106,Accepted,,,,,
11107,Accepted,,,,,
11108,Accepted,,,,,
11109,Accepted,,,,,
11110,Accepted,,,,,
11111,Accepted,,,,,
11112,Accepted,,,,,
11113,Accepted,,,,,
11114,Accepted,,,,,
11115,Accepted,,,,,
11116,Accepted,,,,,
11117,Accepted,,,,,
11118,Accepted,,,,,
11119,Accepted,,,,,
11120,Accepted,,,,,
11121,Accepted,,,,,
11122,Accepted,,,,,
11123,Accepted,,,,,
11124,Accepted,,,,,
11125,Accepted,,,,,
11126,Accepted,,,,,
11127,Accepted,,,,,
11128,Accepted,,,,,
11129,Accepted,,,,,
11130,Accepted,,,,,
11131,Accepted,,,,,
11132,Accepted,,,,,
11133,Accepted,,,,,
11134,Accepted,,,,,
11135,Accepted,,,,,
11136,Accepted,,,,,
11137,Accepted,,,,,
11138,Accepted,,,,,
11139,Accepted,,,,,
11140,Accepted,,,,,
11141,Accepted,,,,,
11142,Accepted,,,,,
11143,Accepted,,,,,
11144,Accepted,,,,,
11145,Accepted,,,,,
11146,Accepted,,,,,
11147,Accepted,,,,,
11148,Accepted,,,,,
11149,Accepted,,,,,
11150,Accepted,,,,,
11151,Accepted,,,,,
11152,Accepted,,,,,
11153,Accepted,,,,,
11154,Accepted,,,,,
11155,Accepted,,,,,
11156,Accepted,,,,,
11157,Accepted,,,,,
11158,Accepted,,,,,
11159,Accepted,,,,,
11160,Accepted,,,,,
11161,Accepted,,,,,
11162,Accepted,,,,,
11163,Accepted,,,,,
11164,Accepted,,,,,
11165,Accepted,,,,,
11166,Accepted,,,,,
11167,Accepted,,,,,
11168,Accepted,,,,,
11169,Accepted,,,,,
11170,Accepted,,,,,
11171,Accepted,,,,,
11172,Accepted,,,,,
11173,Accepted,,,,,
11174,Accepted,,,,,
11175,Accepted,,,,,
11176,Accepted,,,,,
11177,Accepted,,,,,
11178,Accepted,,,,,
11179,Accepted,,,,,
11180,Accepted,,,,,
11181,Accepted,,,,,
11182,Accepted,,,,,
11183,Accepted,,,,,
11184,Accepted,,,,,
11185,Accepted,,,,,
11186,Accepted,,,,,
11187,Accepted,,,,,
11188,Accepted,,,,,
11189,Accepted,,,,,
11190,Accepted,,,,,
11191,Accepted,,,,,
11192,Accepted,,,,,
11193,Accepted,,,,,
11194,Accepted,,,,,
11195,Accepted,,,,,
11196,Accepted,,,,,
11197,Accepted,,,,,
11198,Accepted,,,,,
11199,Accepted,,,,,
11200,Accepted,,,,,
11201,Accepted,,,,,
11202,Accepted,,,,,
11203,Accepted,,,,,
11204,Accepted,,,,,
11205,Accepted,,,,,
11206,Accepted,,,,,
11207,Accepted,,,,,
11208,Accepted,,,,,
11209,Accepted,,,,,
11210,Accepted,,,,,
11211,Accepted,,,,,
11212,Accepted,,,,,
11213,Accepted,,,,,
11214,Accepted,,,,,
11215,Accepted,,,,,
11216,Accepted,,,,,
11217,Accepted,,,,,
11218,Accepted,,,,,
11219,Accepted,,,,,
11220,Accepted,,,,,
11221,Accepted,,,,,
11222,Accepted,,,,,
11223,Accepted,,,,,
11224,Accepted,,,,,
11225,Accepted,,,,,
11226,Accepted,,,,,
11227,Accepted,,,,,
11228,Accepted,,,,,
11229,Accepted,,,,,
11230,Accepted,,,,,
11231,Accepted,,,,,
11232,Accepted,,,,,
11233,Accepted,,,,,
11234,Accepted,,,,,
11235,Accepted,,,,,
11236,Accepted,,,,,
11237,Accepted,,,,,
11238,Accepted,,,,,
11239,Accepted,,,,,
11240,Accepted,,,,,
11241,Accepted,,,,,
11242,Accepted,,,,,
11243,Accepted,,,,,
11244,Accepted,,,,,
11245,Accepted,,,,,
11246,Accepted,,,,,
11247,Accepted,,,,,
11248,Accepted,,,,,
11249,Accepted,,,,,
11250,Accepted,,,,,
11251,Accepted,,,,,
11252,Accepted,,,,,
11253,Accepted,,,,,
11254,Accepted,,,,,
11255,Accepted,,,,,
11256,Accepted,,,,,
11257,Accepted,,,,,
11258,Accepted,,,,,
11259,Accepted,,,,,
11260,Accepted,,,,,
11261,Accepted,,,,,
11262,Accepted,,,,,
11263,Accepted,,,,,
11264,Accepted,,,,,
11265,Accepted,,,,,
11266,Accepted,,,,,
11267,Accepted,,,,,
11268,Accepted,,,,,
11269,Accepted,,,,,
11270,Accepted,,,,,
11271,Accepted,,,,,
11272,Accepted,,,,,
11273,Accepted,,,,,
11274,Accepted,,,,,
11275,Accepted,,,,,
11276,Accepted,,,,,
11277,Accepted,,,,,
11278,Accepted,,,,,
11279,Accepted,,,,,
11280,Accepted,,,,,
11281,Accepted,,,,,
11282,Accepted,,,,,
11283,Accepted,,,,,
11284,Accepted,,,,,
11285,Accepted,,,,,
11286,Accepted,,,,,
11287,Accepted,,,,,
11288,Accepted,,,,,
11289,Accepted,,,,,
11290,Accepted,,,,,
11291,Accepted,,,,,
11292,Accepted,,,,,
11293,Accepted,,,,,
11294,Accepted,,,,,
11295,Accepted,,,,,
11296,Accepted,,,,,
11297,Accepted,,,,,
11298,Accepted,,,,,
11299,Accepted,,,,,
11300,Accepted,,,,,
11301,Accepted,,,,,
11302,Accepted,,,,,
11303,Accepted,,,,,
11304,Accepted,,,,,
11305,Accepted,,,,,
11306,Accepted,,,,,
11307,Accepted,,,,,
11308,Accepted,,,,,
11309,Accepted,,,,,
11310,Accepted,,,,,
11311,Accepted,,,,,
11312,Accepted,,,,,
11313,Accepted,,,,,
11314,Accepted,,,,,
11315,Accepted,,,,,
11316,Accepted,,,,,
11317,Accepted,,,,,
11318,Accepted,,,,,
11319,Accepted,,,,,
11320,Accepted,,,,,
11321,Accepted,,,,,
11322,Accepted,,,,,
11323,Accepted,,,,,
11324,Accepted,,,,,
11325,Accepted,,,,,
11326,Accepted,,,,,
11327,Accepted,,,,,
11328,Accepted,,,,,
11329,Accepted,,,,,
11330,Accepted,,,,,
11331,Accepted,,,,,
11332,Accepted,,,,,
11333,Accepted,,,,,
11334,Accepted,,,,,
11335,Accepted,,,,,
11336,Accepted,,,,,
11337,Accepted,,,,,
11338,Accepted,,,,,
11339,Accepted,,,,,
11340,Accepted,,,,,
11341,Accepted,,,,,
11342,Accepted,,,,,
11343,Accepted,,,,,
11344,Accepted,,,,,
11345,Accepted,,,,,
11346,Accepted,,,,,
11347,Accepted,,,,,
11348,Accepted,,,,,
11349,Accepted,,,,,
11350,Accepted,,,,,
11351,Accepted,,,,,
11352,Accepted,,,,,
11353,Accepted,,,,,
11354,Accepted,,,,,
11355,Accepted,,,,,
11356,Accepted,,,,,
11357,Accepted,,,,,
11358,Accepted,,,,,
11359,Accepted,,,,,
11360,Accepted,,,,,
11361,Accepted,,,,,
11362,Accepted,,,,,
11363,Accepted,,,,,
11364,Accepted,,,,,
11365,Accepted,,,,,
11366,Accepted,,,,,
11367,Accepted,,,,,
11368,Accepted,,,,,
11369,Accepted,,,,,
11370,Accepted,,,,,
11371,Accepted,,,,,
11372,Accepted,,,,,
11373,Accepted,,,,,
11374,Accepted,,,,,
11375,Accepted,,,,,
11376,Accepted,,,,,
11377,Accepted,,,,,
11378,Accepted,,,,,
11379,Accepted,,,,,
11380,Accepted,,,,,
11381,Accepted,,,,,
11382,Accepted,,,,,
11383,Accepted,,,,,
11384,Accepted,,,,,
11385,Accepted,,,,,
11386,Accepted,,,,,
11387,Accepted,,,,,
11388,Accepted,,,,,
11389,Accepted,,,,,
11390,Accepted,,,,,
11391,Accepted,,,,,
11392,Accepted,,,,,
11393,Accepted,,,,,
11394,Accepted,,,,,
11395,Accepted,,,,,
11396,Accepted,,,,,
11397,Accepted,,,,,
11398,Accepted,,,,,
11399,Accepted,,,,,
11400,Accepted,,,,,
11401,Accepted,,,,,
11402,Accepted,,,,,
11403,Accepted,,,,,
11404,Accepted,,,,,
11405,Accepted,,,,,
11406,Accepted,,,,,
11407,Accepted,,,,,
11408,Accepted,,,,,
11409,Accepted,,,,,
11410,Accepted,,,,,
11411,Accepted,,,,,
11412,Accepted,,,,,
11413,Accepted,,,,,
11414,Accepted,,,,,
11415,Accepted,,,,,
11416,Accepted,,,,,
11417,Accepted,,,,,
11418,Accepted,,,,,
11419,Accepted,,,,,
11420,Accepted,,,,,
11421,Accepted,,,,,
11422,Accepted,,,,,
11423,Accepted,,,,,
11424,Accepted,,,,,
11425,Accepted,,,,,
11426,Accepted,,,,,
11427,Accepted,,,,,
11428,Accepted,,,,,
11429,Accepted,,,,,
11430,Accepted,,,,,
11431,Accepted,,,,,
11432,Accepted,,,,,
11433,Accepted,,,,,
11434,Accepted,,,,,
11435,Accepted,,,,,
11436,Accepted,,,,,
11437,Accepted,,,,,
11438,Accepted,,,,,
11439,Accepted,,,,,
11440,Accepted,,,,,
11441,Accepted,,,,,
11442,Accepted,,,,,
11443,Accepted,,,,,
11444,Accepted,,,,,
11445,Accepted,,,,,
11446,Accepted,,,,,
11447,Accepted,,,,,
11448,Accepted,,,,,
11449,Accepted,,,,,
11450,Accepted,,,,,
11451,Accepted,,,,,
11452,Accepted,,,,,
11453,Accepted,,,,,
11454,Accepted,,,,,
11455,Accepted,,,,,
11456,Accepted,,,,,
11457,Accepted,,,,,
11458,Accepted,,,,,
11459,Accepted,,,,,
11460,Accepted,,,,,
11461,Accepted,,,,,
11462,Accepted,,,,,
11463,Accepted,,,,,
11464,Accepted,,,,,
11465,Accepted,,,,,
11466,Accepted,,,,,
11467,Accepted,,,,,
11468,Accepted,,,,,
11469,Accepted,,,,,
11470,Accepted,,,,,
11471,Accepted,,,,,
11472,Accepted,,,,,
11473,Accepted,,,,,
11474,Accepted,,,,,
11475,Accepted,,,,,
11476,Accepted,,,,,
11477,Accepted,,,,,
11478,Accepted,,,,,
11479,Accepted,,,,,
11480,Accepted,,,,,
11481,Accepted,,,,,
11482,Accepted,,,,,
11483,Accepted,,,,,
11484,Accepted,,,,,
11485,Accepted,,,,,
11486,Accepted,,,,,
11487,Accepted,,,,,
11488,Accepted,,,,,
11489,Accepted,,,,,
11490,Accepted,,,,,
11491,Accepted,,,,,
11492,Accepted,,,,,
11493,Accepted,,,,,
11494,Accepted,,,,,
11495,Accepted,,,,,
11496,Accepted,,,,,
11497,Accepted,,,,,
11498,Accepted,,,,,
11499,Accepted,,,,,
11500,Accepted,,,,,
11501,Accepted,,,,,
11502,Accepted,,,,,
11503,Accepted,,,,,
11504,Accepted,,,,,
11505,Accepted,,,,,
11506,Accepted,,,,,
11507,Accepted,,,,,
11508,Accepted,,,,,
11509,Accepted,,,,,
11510,Accepted,,,,,
11511,Accepted,,,,,
11512,Accepted,,,,,
11513,Accepted,,,,,
11514,Accepted,,,,,
11515,Accepted,,,,,
11516,Accepted,,,,,
11517,Accepted,,,,,
11518,Accepted,,,,,
11519,Accepted,,,,,
11520,Accepted,,,,,
11521,Accepted,,,,,
11522,Accepted,,,,,
11523,Accepted,,,,,
11524,Accepted,,,,,
11525,Accepted,,,,,
11526,Accepted,,,,,
11527,Accepted,,,,,
11528,Accepted,,,,,
11529,Accepted,,,,,
11530,Accepted,,,,,
11531,Accepted,,,,,
11532,Accepted,,,,,
11533,Accepted,,,,,
11534,Accepted,,,,,
11535,Accepted,,,,,
11536,Accepted,,,,,
11537,Accepted,,,,,
11538,Accepted,,,,,
11539,Accepted,,,,,
11540,Accepted,,,,,
11541,Accepted,,,,,
11542,Accepted,,,,,
11543,Accepted,,,,,
11544,Accepted,,,,,
11545,Accepted,,,,,
11546,Accepted,,,,,
11547,Accepted,,,,,
11548,Accepted,,,,,
11549,Accepted,,,,,
11550,Accepted,,,,,
11551,Accepted,,,,,
11552,Accepted,,,,,
11553,Accepted,,,,,
11554,Accepted,,,,,
11555,Accepted,,,,,
11556,Accepted,,,,,
11557,Accepted,,,,,
11558,Accepted,,,,,
11559,Accepted,,,,,
11560,Accepted,,,,,
11561,Accepted,,,,,
11562,Accepted,,,,,
11563,Accepted,,,,,
11564,Accepted,,,,,
11565,Accepted,,,,,
11566,Accepted,,,,,
11567,Accepted,,,,,
11568,Accepted,,,,,
11569,Accepted,,,,,
11570,Accepted,,,,,
11571,Accepted,,,,,
11572,Accepted,,,,,
11573,Accepted,,,,,
11574,Accepted,,,,,
11575,Accepted,,,,,
11576,Accepted,,,,,
11577,Accepted,,,,,
11578,Accepted,,,,,
11579,Accepted,,,,,
11580,Accepted,,,,,
11581,Accepted,,,,,
11582,Accepted,,,,,
11583,Accepted,,,,,
11584,Accepted,,,,,
11585,Accepted,,,,,
11586,Accepted,,,,,
11587,Accepted,,,,,
11588,Accepted,,,,,
11589,Accepted,,,,,
11590,Accepted,,,,,
11591,Accepted,,,,,
11592,Accepted,,,,,
11593,Accepted,,,,,
11594,Accepted,,,,,
11595,Accepted,,,,,
11596,Accepted,,,,,
11597,Accepted,,,,,
11598,Accepted,,,,,
11599,Accepted,,,,,
11600,Accepted,,,,,
11601,Accepted,,,,,
11602,Accepted,,,,,
11603,Accepted,,,,,
11604,Accepted,,,,,
11605,Accepted,,,,,
11606,Accepted,,,,,
11607,Accepted,,,,,
11608,Accepted,,,,,
11609,Accepted,,,,,
11610,Accepted,,,,,
11611,Accepted,,,,,
11612,Accepted,,,,,
11613,Accepted,,,,,
11614,Accepted,,,,,
11615,Accepted,,,,,
11616,Accepted,,,,,
11617,Accepted,,,,,
11618,Accepted,,,,,
11619,Accepted,,,,,
11620,Accepted,,,,,
11621,Accepted,,,,,
11622,Accepted,,,,,
11623,Accepted,,,,,
11624,Accepted,,,,,
11625,Accepted,,,,,
11626,Accepted,,,,,
11627,Accepted,,,,,
11628,Accepted,,,,,
11629,Accepted,,,,,
11630,Accepted,,,,,
11631,Accepted,,,,,
11632,Accepted,,,,,
11633,Accepted,,,,,
11634,Accepted,,,,,
11635,Accepted,,,,,
11636,Accepted,,,,,
11637,Accepted,,,,,
11638,Accepted,,,,,
11639,Accepted,,,,,
11640,Accepted,,,,,
11641,Accepted,,,,,
11642,Accepted,,,,,
11643,Accepted,,,,,
11644,Accepted,,,,,
11645,Accepted,,,,,
11646,Accepted,,,,,
11647,Accepted,,,,,
11648,Accepted,,,,,
11649,Accepted,,,,,
11650,Accepted,,,,,
11651,Accepted,,,,,
11652,Accepted,,,,,
11653,Accepted,,,,,
11654,Accepted,,,,,
11655,Accepted,,,,,
11656,Accepted,,,,,
11657,Accepted,,,,,
11658,Accepted,,,,,
11659,Accepted,,,,,
11660,Accepted,,,,,
11661,Accepted,,,,,
11662,Accepted,,,,,
11663,Accepted,,,,,
11664,Accepted,,,,,
11665,Accepted,,,,,
11666,Accepted,,,,,
11667,Accepted,,,,,
11668,Accepted,,,,,
11669,Accepted,,,,,
11670,Accepted,,,,,
11671,Accepted,,,,,
11672,Accepted,,,,,
11673,Accepted,,,,,
11674,Accepted,,,,,
11675,Accepted,,,,,
11676,Accepted,,,,,
11677,Accepted,,,,,
11678,Accepted,,,,,
11679,Accepted,,,,,
11680,Accepted,,,,,
11681,Accepted,,,,,
11682,Accepted,,,,,
11683,Accepted,,,,,
11684,Accepted,,,,,
11685,Accepted,,,,,
11686,Accepted,,,,,
11687,Accepted,,,,,
11688,Accepted,,,,,
11689,Accepted,,,,,
11690,Accepted,,,,,
11691,Accepted,,,,,
11692,Accepted,,,,,
11693,Accepted,,,,,
11694,Accepted,,,,,
11695,Accepted,,,,,
11696,Accepted,,,,,
11697,Accepted,,,,,
11698,Accepted,,,,,
11699,Accepted,,,,,
11700,Accepted,,,,,
11701,Accepted,,,,,
11702,Accepted,,,,,
11703,Accepted,,,,,
11704,Accepted,,,,,
11705,Accepted,,,,,
11706,Accepted,,,,,
11707,Accepted,,,,,
11708,Accepted,,,,,
11709,Accepted,,,,,
11710,Accepted,,,,,
11711,Accepted,,,,,
11712,Accepted,,,,,
11713,Accepted,,,,,
11714,Accepted,,,,,
11715,Accepted,,,,,
11716,Accepted,,,,,
11717,Accepted,,,,,
11718,Accepted,,,,,
11719,Accepted,,,,,
11720,Accepted,,,,,
11721,Accepted,,,,,
11722,Accepted,,,,,
11723,Accepted,,,,,
11724,Accepted,,,,,
11725,Accepted,,,,,
11726,Accepted,,,,,
11727,Accepted,,,,,
11728,Accepted,,,,,
11729,Accepted,,,,,
11730,Accepted,,,,,
11731,Accepted,,,,,
11732,Accepted,,,,,
11733,Accepted,,,,,
11734,Accepted,,,,,
11735,Accepted,,,,,
11736,Accepted,,,,,
11737,Accepted,,,,,
11738,Accepted,,,,,
11739,Accepted,,,,,
11740,Accepted,,,,,
11741,Accepted,,,,,
11742,Accepted,,,,,
11743,Accepted,,,,,
11744,Accepted,,,,,
11745,Accepted,,,,,
11746,Accepted,,,,,
11747,Accepted,,,,,
11748,Accepted,,,,,
11749,Accepted,,,,,
11750,Accepted,,,,,
11751,Accepted,,,,,
11752,Accepted,,,,,
11753,Accepted,,,,,
11754,Accepted,,,,,
11755,Accepted,,,,,
11756,Accepted,,,,,
11757,Accepted,,,,,
11758,Accepted,,,,,
11759,Accepted,,,,,
11760,Accepted,,,,,
11761,Accepted,,,,,
11762,Accepted,,,,,
11763,Accepted,,,,,
11764,Accepted,,,,,
11765,Accepted,,,,,
11766,Accepted,,,,,
11767,Accepted,,,,,
11768,Accepted,,,,,
11769,Accepted,,,,,
11770,Accepted,,,,,
11771,Accepted,,,,,
11772,Accepted,,,,,
11773,Accepted,,,,,
11774,Accepted,,,,,
11775,Accepted,,,,,
11776,Accepted,,,,,
11777,Accepted,,,,,
11778,Accepted,,,,,
11779,Accepted,,,,,
11780,Accepted,,,,,
11781,Accepted,,,,,
11782,Accepted,,,,,
11783,Accepted,,,,,
11784,Accepted,,,,,
11785,Accepted,,,,,
11786,Accepted,,,,,
11787,Accepted,,,,,
11788,Accepted,,,,,
11789,Accepted,,,,,
11790,Accepted,,,,,
11791,Accepted,,,,,
11792,Accepted,,,,,
11793,Accepted,,,,,
11794,Accepted,,,,,
11795,Accepted,,,,,
11796,Accepted,,,,,
11797,Accepted,,,,,
11798,Accepted,,,,,
11799,Accepted,,,,,
11800,Accepted,,,,,
11801,Accepted,,,,,
11802,Accepted,,,,,
11803,Accepted,,,,,
11804,Accepted,,,,,
11805,Accepted,,,,,
11806,Accepted,,,,,
11807,Accepted,,,,,
11808,Accepted,,,,,
11809,Accepted,,,,,
11810,Accepted,,,,,
11811,Accepted,,,,,
11812,Accepted,,,,,
11813,Accepted,,,,,
11814,Accepted,,,,,
11815,Accepted,,,,,
11816,Accepted,,,,,
11817,Accepted,,,,,
11818,Accepted,,,,,
11819,Accepted,,,,,
11820,Accepted,,,,,
11821,Accepted,,,,,
11822,Accepted,,,,,
11823,Accepted,,,,,
11824,Accepted,,,,,
11825,Accepted,,,,,
11826,Accepted,,,,,
11827,Accepted,,,,,
11828,Accepted,,,,,
11829,Accepted,,,,,
11830,Accepted,,,,,
11831,Accepted,,,,,
11832,Accepted,,,,,
11833,Accepted,,,,,
11834,Accepted,,,,,
11835,Accepted,,,,,
11836,Accepted,,,,,
11837,Accepted,,,,,
11838,Accepted,,,,,
11839,Accepted,,,,,
11840,Accepted,,,,,
11841,Accepted,,,,,
11842,Accepted,,,,,
11843,Accepted,,,,,
11844,Accepted,,,,,
11845,Accepted,,,,,
11846,Accepted,,,,,
11847,Accepted,,,,,
11848,Accepted,,,,,
11849,Accepted,,,,,
11850,Accepted,,,,,
11851,Accepted,,,,,
11852,Accepted,,,,,
11853,Accepted,,,,,
11854,Accepted,,,,,
11855,Accepted,,,,,
11856,Accepted,,,,,
11857,Accepted,,,,,
11858,Accepted,,,,,
11859,Accepted,,,,,
11860,Accepted,,,,,
11861,Accepted,,,,,
11862,Accepted,,,,,
11863,Accepted,,,,,
11864,Accepted,,,,,
11865,Accepted,,,,,
11866,Accepted,,,,,
11867,Accepted,,,,,
11868,Accepted,,,,,
11869,Accepted,,,,,
11870,Accepted,,,,,
11871,Accepted,,,,,
11872,Accepted,,,,,
11873,Accepted,,,,,
11874,Accepted,,,,,
11875,Accepted,,,,,
11876,Accepted,,,,,
11877,Accepted,,,,,
11878,Accepted,,,,,
11879,Accepted,,,,,
11880,Accepted,,,,,
11881,Accepted,,,,,
11882,Accepted,,,,,
11883,Accepted,,,,,
11884,Accepted,,,,,
11885,Accepted,,,,,
11886,Accepted,,,,,
11887,Accepted,,,,,
11888,Accepted,,,,,
11889,Accepted,,,,,
11890,Accepted,,,,,
11891,Accepted,,,,,
11892,Accepted,,,,,
11893,Accepted,,,,,
11894,Accepted,,,,,
11895,Accepted,,,,,
11896,Accepted,,,,,
11897,Accepted,,,,,
11898,Accepted,,,,,
11899,Accepted,,,,,
11900,Accepted,,,,,
11901,Accepted,,,,,
11902,Accepted,,,,,
11903,Accepted,,,,,
11904,Accepted,,,,,
11905,Accepted,,,,,
11906,Accepted,,,,,
11907,Accepted,,,,,
11908,Accepted,,,,,
11909,Accepted,,,,,
11910,Accepted,,,,,
11911,Accepted,,,,,
11912,Accepted,,,,,
11913,Accepted,,,,,
11914,Accepted,,,,,
11915,Accepted,,,,,
11916,Accepted,,,,,
11917,Accepted,,,,,
11918,Accepted,,,,,
11919,Accepted,,,,,
11920,Accepted,,,,,
11921,Accepted,,,,,
11922,Accepted,,,,,
11923,Accepted,,,,,
11924,Accepted,,,,,
11925,Accepted,,,,,
11926,Accepted,,,,,
11927,Accepted,,,,,
11928,Accepted,,,,,
11929,Accepted,,,,,
11930,Accepted,,,,,
11931,Accepted,,,,,
11932,Accepted,,,,,
11933,Accepted,,,,,
11934,Accepted,,,,,
11935,Accepted,,,,,
11936,Accepted,,,,,
11937,Accepted,,,,,
11938,Accepted,,,,,
11939,Accepted,,,,,
11940,Accepted,,,,,
11941,Accepted,,,,,
11942,Accepted,,,,,
11943,Accepted,,,,,
11944,Accepted,,,,,
11945,Accepted,,,,,
11946,Accepted,,,,,
11947,Accepted,,,,,
11948,Accepted,,,,,
11949,Accepted,,,,,
11950,Accepted,,,,,
11951,Accepted,,,,,
11952,Accepted,,,,,
11953,Accepted,,,,,
11954,Accepted,,,,,
11955,Accepted,,,,,
11956,Accepted,,,,,
11957,Accepted,,,,,
11958,Accepted,,,,,
11959,Accepted,,,,,
11960,Accepted,,,,,
11961,Accepted,,,,,
11962,Accepted,,,,,
11963,Accepted,,,,,
11964,Accepted,,,,,
11965,Accepted,,,,,
11966,Accepted,,,,,
11967,Accepted,,,,,
11968,Accepted,,,,,
11969,Accepted,,,,,
11970,Accepted,,,,,
11971,Accepted,,,,,
11972,Accepted,,,,,
11973,Accepted,,,,,
11974,Accepted,,,,,
11975,Accepted,,,,,
11976,Accepted,,,,,
11977,Accepted,,,,,
11978,Accepted,,,,,
11979,Accepted,,,,,
11980,Accepted,,,,,
11981,Accepted,,,,,
11982,Accepted,,,,,
11983,Accepted,,,,,
11984,Accepted,,,,,
11985,Accepted,,,,,
11986,Accepted,,,,,
11987,Accepted,,,,,
11988,Accepted,,,,,
11989,Accepted,,,,,
11990,Accepted,,,,,
11991,Accepted,,,,,
11992,Accepted,,,,,
11993,Accepted,,,,,
11994,Accepted,,,,,
11995,Accepted,,,,,
11996,Accepted,,,,,
11997,Accepted,,,,,
11998,Accepted,,,,,
11999,Accepted,,,,,
12000,Accepted,,,,,
12001,Accepted,,,,,
12002,Accepted,,,,,
12003,Accepted,,,,,
12004,Accepted,,,,,
12005,Accepted,,,,,
12006,Accepted,,,,,
12007,Accepted,,,,,
12008,Accepted,,,,,
12009,Accepted,,,,,
12010,Accepted,,,,,
12011,Accepted,,,,,
12012,Accepted,,,,,
12013,Accepted,,,,,
12014,Accepted,,,,,
12015,Accepted,,,,,
12016,Accepted,,,,,
12017,Accepted,,,,,
12018,Accepted,,,,,
12019,Accepted,,,,,
12020,Accepted,,,,,
12021,Accepted,,,,,
12022,Accepted,,,,,
12023,Accepted,,,,,
12024,Accepted,,,,,
12025,Accepted,,,,,
12026,Accepted,,,,,
12027,Accepted,,,,,
12028,Accepted,,,,,
12029,Accepted,,,,,
12030,Accepted,,,,,
12031,Accepted,,,,,
12032,Accepted,,,,,
12033,Accepted,,,,,
12034,Accepted,,,,,
12035,Accepted,,,,,
12036,Accepted,,,,,
12037,Accepted,,,,,
12038,Accepted,,,,,
12039,Accepted,,,,,
12040,Accepted,,,,,
12041,Accepted,,,,,
12042,Accepted,,,,,
12043,Accepted,,,,,
12044,Accepted,,,,,
12045,Accepted,,,,,
12046,Accepted,,,,,
12047,Accepted,,,,,
12048,Accepted,,,,,
12049,Accepted,,,,,
12050,Accepted,,,,,
12051,Accepted,,,,,
12052,Accepted,,,,,
12053,Accepted,,,,,
12054,Accepted,,,,,
12055,Accepted,,,,,
12056,Accepted,,,,,
12057,Accepted,,,,,
12058,Accepted,,,,,
12059,Accepted,,,,,
12060,Accepted,,,,,
12061,Accepted,,,,,
12062,Accepted,,,,,
12063,Accepted,,,,,
12064,Accepted,,,,,
12065,Accepted,,,,,
12066,Accepted,,,,,
12067,Accepted,,,,,
12068,Accepted,,,,,
12069,Accepted,,,,,
12070,Accepted,,,,,
12071,Accepted,,,,,
12072,Accepted,,,,,
12073,Accepted,,,,,
12074,Accepted,,,,,
12075,Accepted,,,,,
12076,Accepted,,,,,
12077,Accepted,,,,,
12078,Accepted,,,,,
12079,Accepted,,,,,
12080,Accepted,,,,,
12081,Accepted,,,,,
12082,Accepted,,,,,
12083,Accepted,,,,,
12084,Accepted,,,,,
12085,Accepted,,,,,
12086,Accepted,,,,,
12087,Accepted,,,,,
12088,Accepted,,,,,
12089,Accepted,,,,,
12090,Accepted,,,,,
12091,Accepted,,,,,
12092,Accepted,,,,,
12093,Accepted,,,,,
12094,Accepted,,,,,
12095,Accepted,,,,,
12096,Accepted,,,,,
12097,Accepted,,,,,
12098,Accepted,,,,,
12099,Accepted,,,,,
12100,Accepted,,,,,
12101,Accepted,,,,,
12102,Accepted,,,,,
12103,Accepted,,,,,
12104,Accepted,,,,,
12105,Accepted,,,,,
12106,Accepted,,,,,
12107,Accepted,,,,,
12108,Accepted,,,,,
12109,Accepted,,,,,
12110,Accepted,,,,,
12111,Accepted,,,,,
12112,Accepted,,,,,
12113,Accepted,,,,,
12114,Accepted,,,,,
12115,Accepted,,,,,
12116,Accepted,,,,,
12117,Accepted,,,,,
12118,Accepted,,,,,
12119,Accepted,,,,,
12120,Accepted,,,,,
12121,Accepted,,,,,
12122,Accepted,,,,,
12123,Accepted,,,,,
12124,Accepted,,,,,
12125,Accepted,,,,,
12126,Accepted,,,,,
12127,Accepted,,,,,
12128,Accepted,,,,,
12129,Accepted,,,,,
12130,Accepted,,,,,
12131,Accepted,,,,,
12132,Accepted,,,,,
12133,Accepted,,,,,
12134,Accepted,,,,,
12135,Accepted,,,,,
12136,Accepted,,,,,
12137,Accepted,,,,,
12138,Accepted,,,,,
12139,Accepted,,,,,
12140,Accepted,,,,,
12141,Accepted,,,,,
12142,Accepted,,,,,
12143,Accepted,,,,,
12144,Accepted,,,,,
12145,Accepted,,,,,
12146,Accepted,,,,,
12147,Accepted,,,,,
12148,Accepted,,,,,
12149,Accepted,,,,,
12150,Accepted,,,,,
12151,Accepted,,,,,
12152,Accepted,,,,,
12153,Accepted,,,,,
12154,Accepted,,,,,
12155,Accepted,,,,,
12156,Accepted,,,,,
12157,Accepted,,,,,
12158,Accepted,,,,,
12159,Accepted,,,,,
12160,Accepted,,,,,
12161,Accepted,,,,,
12162,Accepted,,,,,
12163,Accepted,,,,,
12164,Accepted,,,,,
12165,Accepted,,,,,
12166,Accepted,,,,,
12167,Accepted,,,,,
12168,Accepted,,,,,
12169,Accepted,,,,,
12170,Accepted,,,,,
12171,Accepted,,,,,
12172,Accepted,,,,,
12173,Accepted,,,,,
12174,Accepted,,,,,
12175,Accepted,,,,,
12176,Accepted,,,,,
12177,Accepted,,,,,
12178,Accepted,,,,,
12179,Accepted,,,,,
12180,Accepted,,,,,
12181,Accepted,,,,,
12182,Accepted,,,,,
12183,Accepted,,,,,
12184,Accepted,,,,,
12185,Accepted,,,,,
12186,Accepted,,,,,
12187,Accepted,,,,,
12188,Accepted,,,,,
12189,Accepted,,,,,
12190,Accepted,,,,,
12191,Accepted,,,,,
12192,Accepted,,,,,
12193,Accepted,,,,,
12194,Accepted,,,,,
12195,Accepted,,,,,
12196,Accepted,,,,,
12197,Accepted,,,,,
12198,Accepted,,,,,
12199,Accepted,,,,,
12200,Accepted,,,,,
12201,Accepted,,,,,
12202,Accepted,,,,,
12203,Accepted,,,,,
12204,Accepted,,,,,
12205,Accepted,,,,,
12206,Accepted,,,,,
12207,Accepted,,,,,
12208,Accepted,,,,,
12209,Accepted,,,,,
12210,Accepted,,,,,
12211,Accepted,,,,,
12212,Accepted,,,,,
12213,Accepted,,,,,
12214,Accepted,,,,,
12215,Accepted,,,,,
12216,Accepted,,,,,
12217,Accepted,,,,,
12218,Accepted,,,,,
12219,Accepted,,,,,
12220,Accepted,,,,,
12221,Accepted,,,,,
12222,Accepted,,,,,
12223,Accepted,,,,,
12224,Accepted,,,,,
12225,Accepted,,,,,
12226,Accepted,,,,,
12227,Accepted,,,,,
12228,Accepted,,,,,
12229,Accepted,,,,,
12230,Accepted,,,,,
12231,Accepted,,,,,
12232,Accepted,,,,,
12233,Accepted,,,,,
12234,Accepted,,,,,
12235,Accepted,,,,,
12236,Accepted,,,,,
12237,Accepted,,,,,
12238,Accepted,,,,,
12239,Accepted,,,,,
12240,Accepted,,,,,
12241,Accepted,,,,,
12242,Accepted,,,,,
12243,Accepted,,,,,
12244,Accepted,,,,,
12245,Accepted,,,,,
12246,Accepted,,,,,
12247,Accepted,,,,,
12248,Accepted,,,,,
12249,Accepted,,,,,
12250,Accepted,,,,,
12251,Accepted,,,,,
12252,Accepted,,,,,
12253,Accepted,,,,,
12254,Accepted,,,,,
12255,Accepted,,,,,
12256,Accepted,,,,,
12257,Accepted,,,,,
12258,Accepted,,,,,
12259,Accepted,,,,,
12260,Accepted,,,,,
12261,Accepted,,,,,
12262,Accepted,,,,,
12263,Accepted,,,,,
12264,Accepted,,,,,
12265,Accepted,,,,,
12266,Accepted,,,,,
12267,Accepted,,,,,
12268,Accepted,,,,,
12269,Accepted,,,,,
12270,Accepted,,,,,
12271,Accepted,,,,,
12272,Accepted,,,,,
12273,Accepted,,,,,
12274,Accepted,,,,,
12275,Accepted,,,,,
12276,Accepted,,,,,
12277,Accepted,,,,,
12278,Accepted,,,,,
12279,Accepted,,,,,
12280,Accepted,,,,,
12281,Accepted,,,,,
12282,Accepted,,,,,
12283,Accepted,,,,,
12284,Accepted,,,,,
12285,Accepted,,,,,
12286,Accepted,,,,,
12287,Accepted,,,,,
12288,Accepted,,,,,
12289,Accepted,,,,,
12290,Accepted,,,,,
12291,Accepted,,,,,
12292,Accepted,,,,,
12293,Accepted,,,,,
12294,Accepted,,,,,
12295,Accepted,,,,,
12296,Accepted,,,,,
12297,Accepted,,,,,
12298,Accepted,,,,,
12299,Accepted,,,,,
12300,Accepted,,,,,
12301,Accepted,,,,,
12302,Accepted,,,,,
12303,Accepted,,,,,
12304,Accepted,,,,,
12305,Accepted,,,,,
12306,Accepted,,,,,
12307,Accepted,,,,,
12308,Accepted,,,,,
12309,Accepted,,,,,
12310,Accepted,,,,,
12311,Accepted,,,,,
12312,Accepted,,,,,
12313,Accepted,,,,,
12314,Accepted,,,,,
12315,Accepted,,,,,
12316,Accepted,,,,,
12317,Accepted,,,,,
12318,Accepted,,,,,
12319,Accepted,,,,,
12320,Accepted,,,,,
12321,Accepted,,,,,
12322,Accepted,,,,,
12323,Accepted,,,,,
12324,Accepted,,,,,
12325,Accepted,,,,,
12326,Accepted,,,,,
12327,Accepted,,,,,
12328,Accepted,,,,,
12329,Accepted,,,,,
12330,Accepted,,,,,
12331,Accepted,,,,,
12332,Accepted,,,,,
12333,Accepted,,,,,
12334,Accepted,,,,,
12335,Accepted,,,,,
12336,Accepted,,,,,
12337,Accepted,,,,,
12338,Accepted,,,,,
12339,Accepted,,,,,
12340,Accepted,,,,,
12341,Accepted,,,,,
12342,Accepted,,,,,
12343,Accepted,,,,,
12344,Accepted,,,,,
12345,Accepted,,,,,
12346,Accepted,,,,,
12347,Accepted,,,,,
12348,Accepted,,,,,
12349,Accepted,,,,,
12350,Accepted,,,,,
12351,Accepted,,,,,
12352,Accepted,,,,,
12353,Accepted,,,,,
12354,Accepted,,,,,
12355,Accepted,,,,,
12356,Accepted,,,,,
12357,Accepted,,,,,
12358,Accepted,,,,,
12359,Accepted,,,,,
12360,Accepted,,,,,
12361,Accepted,,,,,
12362,Accepted,,,,,
12363,Accepted,,,,,
12364,Accepted,,,,,
12365,Accepted,,,,,
12366,Accepted,,,,,
12367,Accepted,,,,,
12368,Accepted,,,,,
12369,Accepted,,,,,
12370,Accepted,,,,,
12371,Accepted,,,,,
12372,Accepted,,,,,
12373,Accepted,,,,,
12374,Accepted,,,,,
12375,Accepted,,,,,
12376,Accepted,,,,,
12377,Accepted,,,,,
12378,Accepted,,,,,
12379,Accepted,,,,,
12380,Accepted,,,,,
12381,Accepted,,,,,
12382,Accepted,,,,,
12383,Accepted,,,,,
12384,Accepted,,,,,
12385,Accepted,,,,,
12386,Accepted,,,,,
12387,Accepted,,,,,
12388,Accepted,,,,,
12389,Accepted,,,,,
12390,Accepted,,,,,
12391,Accepted,,,,,
12392,Accepted,,,,,
12393,Accepted,,,,,
12394,Accepted,,,,,
12395,Accepted,,,,,
12396,Accepted,,,,,
12397,Accepted,,,,,
12398,Accepted,,,,,
12399,Accepted,,,,,
12400,Accepted,,,,,
12401,Accepted,,,,,
12402,Accepted,,,,,
12403,Accepted,,,,,
12404,Accepted,,,,,
12405,Accepted,,,,,
12406,Accepted,,,,,
12407,Accepted,,,,,
12408,Accepted,,,,,
12409,Accepted,,,,,
12410,Accepted,,,,,
12411,Accepted,,,,,
12412,Accepted,,,,,
12413,Accepted,,,,,
12414,Accepted,,,,,
12415,Accepted,,,,,
12416,Accepted,,,,,
12417,Accepted,,,,,
12418,Accepted,,,,,
12419,Accepted,,,,,
12420,Accepted,,,,,
12421,Accepted,,,,,
12422,Accepted,,,,,
12423,Accepted,,,,,
12424,Accepted,,,,,
12425,Accepted,,,,,
12426,Accepted,,,,,
12427,Accepted,,,,,
12428,Accepted,,,,,
12429,Accepted,,,,,
12430,Accepted,,,,,
12431,Accepted,,,,,
12432,Accepted,,,,,
12433,Accepted,,,,,
12434,Accepted,,,,,
12435,Accepted,ID,ID-02-FMT,IdNumber,"ID number format is invalid for the specified ID type. Check the format requirements for PAN, Aadhaar, or Passport as applicable.",RejectSegment
12436,Accepted,,,,,
12437,Accepted,,,,,
12438,Accepted,,,,,
12439,Accepted,,,,,
12440,Accepted,,,,,
12441,Accepted,,,,,
12442,Accepted,,,,,
12443,Accepted,,,,,
12444,Accepted,,,,,
12445,Accepted,,,,,
12446,Accepted,,,,,
12447,Accepted,,,,,
12448,Accepted,,,,,
12449,Accepted,,,,,
12450,Accepted,,,,,
12451,Accepted,,,,,
12452,Accepted,,,,,
12453,Accepted,,,,,
12454,Accepted,,,,,
12455,Accepted,,,,,
12456,Accepted,,,,,
12457,Accepted,,,,,
12458,Accepted,,,,,
12459,Accepted,,,,,
12460,Accepted,,,,,
12461,Accepted,,,,,
12462,Accepted,,,,,
12463,Accepted,,,,,
12464,Accepted,,,,,
12465,Accepted,,,,,
12466,Accepted,,,,,
12467,Accepted,,,,,
12468,Accepted,,,,,
12469,Accepted,,,,,
12470,Accepted,,,,,
12471,Accepted,,,,,
12472,Accepted,,,,,
12473,Accepted,,,,,
12474,Accepted,,,,,
12475,Accepted,,,,,
12476,Accepted,,,,,
12477,Accepted,,,,,
12478,Accepted,,,,,
12479,Accepted,,,,,
12480,Accepted,,,,,
12481,Accepted,,,,,
12482,Accepted,,,,,
12483,Accepted,,,,,
12484,Accepted,,,,,
12485,Accepted,,,,,
12486,Accepted,,,,,
12487,Accepted,,,,,
12488,Accepted,,,,,
12489,Accepted,,,,,
12490,Accepted,,,,,
12491,Accepted,,,,,
12492,Accepted,,,,,
12493,Accepted,,,,,
12494,Accepted,,,,,
12495,Accepted,,,,,
12496,Accepted,,,,,
12497,Accepted,,,,,
12498,Accepted,,,,,
12499,Accepted,,,,,
12500,Accepted,,,,,
12501,Accepted,,,,,
12502,Accepted,,,,,
12503,Accepted,,,,,
12504,Accepted,,,,,
12505,Accepted,,,,,
12506,Accepted,,,,,
12507,Accepted,,,,,
12508,Accepted,,,,,
12509,Accepted,,,,,
12510,Accepted,,,,,
12511,Accepted,,,,,
12512,Accepted,,,,,
12513,Accepted,,,,,
12514,Accepted,,,,,
12515,Accepted,,,,,
12516,Accepted,,,,,
12517,Accepted,,,,,
12518,Accepted,,,,,
12519,Accepted,,,,,
12520,Accepted,,,,,
12521,Accepted,,,,,
12522,Accepted,,,,,
12523,Accepted,,,,,
12524,Accepted,,,,,
12525,Accepted,,,,,
12526,Accepted,,,,,
12527,Accepted,,,,,
12528,Accepted,,,,,
12529,Accepted,,,,,
12530,Accepted,,,,,
12531,Accepted,,,,,
12532,Accepted,,,,,
12533,Accepted,,,,,
12534,Accepted,,,,,
12535,Accepted,,,,,
12536,Accepted,,,,,
12537,Accepted,,,,,
12538,Accepted,,,,,
12539,Accepted,,,,,
12540,Accepted,,,,,
12541,Accepted,,,,,
12542,Accepted,,,,,
12543,Accepted,,,,,
12544,Accepted,,,,,
12545,Accepted,,,,,
12546,Accepted,,,,,
12547,Accepted,,,,,
12548,Accepted,,,,,
12549,Accepted,,,,,
12550,Accepted,,,,,
12551,Accepted,,,,,
12552,Accepted,,,,,
12553,Accepted,,,,,
12554,Accepted,,,,,
12555,Accepted,,,,,
12556,Accepted,,,,,
12557,Accepted,,,,,
12558,Accepted,,,,,
12559,Accepted,,,,,
12560,Accepted,,,,,
12561,Accepted,,,,,
12562,Accepted,,,,,
12563,Accepted,,,,,
12564,Accepted,,,,,
12565,Accepted,,,,,
12566,Accepted,,,,,
12567,Accepted,,,,,
12568,Accepted,,,,,
12569,Accepted,,,,,
12570,Accepted,,,,,
12571,Accepted,,,,,
12572,Accepted,,,,,
12573,Accepted,,,,,
12574,Accepted,,,,,
12575,Accepted,,,,,
12576,Accepted,,,,,
12577,Accepted,,,,,
12578,Accepted,,,,,
12579,Accepted,,,,,
12580,Accepted,,,,,
12581,Accepted,,,,,
12582,Accepted,,,,,
12583,Accepted,,,,,
12584,Accepted,,,,,
12585,Accepted,,,,,
12586,Accepted,,,,,
12587,Accepted,,,,,
12588,Accepted,,,,,
12589,Accepted,,,,,
12590,Accepted,,,,,
12591,Accepted,,,,,
12592,Accepted,,,,,
12593,Accepted,,,,,
12594,Accepted,,,,,
12595,Accepted,,,,,
12596,Accepted,,,,,
12597,Accepted,,,,,
12598,Accepted,,,,,
12599,Accepted,,,,,
12600,Accepted,,,,,
12601,Accepted,,,,,
12602,Accepted,,,,,
12603,Accepted,,,,,
12604,Accepted,,,,,
12605,Accepted,,,,,
12606,Accepted,,,,,
12607,Accepted,,,,,
12608,Accepted,,,,,
12609,Accepted,,,,,
12610,Accepted,,,,,
12611,Accepted,,,,,
12612,Accepted,,,,,
12613,Accepted,,,,,
12614,Accepted,,,,,
12615,Accepted,,,,,
12616,Accepted,,,,,
12617,Accepted,,,,,
12618,Accepted,,,,,
12619,Accepted,,,,,
12620,Accepted,,,,,
12621,Accepted,,,,,
12622,Accepted,,,,,
12623,Accepted,,,,,
12624,Accepted,,,,,
12625,Accepted,,,,,
12626,Accepted,,,,,
12627,Accepted,,,,,
12628,Accepted,,,,,
12629,Accepted,,,,,
12630,Accepted,,,,,
12631,Accepted,,,,,
12632,Accepted,,,,,
12633,Accepted,,,,,
12634,Accepted,,,,,
12635,Accepted,,,,,
12636,Accepted,,,,,
12637,Accepted,,,,,
12638,Accepted,,,,,
12639,Accepted,,,,,
12640,Accepted,,,,,
12641,Accepted,,,,,
12642,Accepted,,,,,
12643,Accepted,,,,,
12644,Accepted,,,,,
12645,Accepted,,,,,
12646,Accepted,,,,,
12647,Accepted,,,,,
12648,Accepted,,,,,
12649,Accepted,,,,,
12650,Accepted,,,,,
12651,Accepted,,,,,
12652,Accepted,,,,,
12653,Accepted,,,,,
12654,Accepted,,,,,
12655,Accepted,,,,,
12656,Accepted,,,,,
12657,Accepted,,,,,
12658,Accepted,,,,,
12659,Accepted,,,,,
12660,Accepted,,,,,
12661,Accepted,,,,,
12662,Accepted,,,,,
12663,Accepted,,,,,
12664,Accepted,,,,,
12665,Accepted,,,,,
12666,Accepted,,,,,
12667,Accepted,,,,,
12668,Accepted,,,,,
12669,Accepted,,,,,
12670,Accepted,,,,,
12671,Accepted,,,,,
12672,Accepted,,,,,
12673,Accepted,,,,,
12674,Accepted,,,,,
12675,Accepted,,,,,
12676,Accepted,,,,,
12677,Accepted,,,,,
12678,Accepted,,,,,
12679,Accepted,,,,,
12680,Accepted,,,,,
12681,Accepted,,,,,
12682,Accepted,,,,,
12683,Accepted,,,,,
12684,Accepted,,,,,
12685,Accepted,,,,,
12686,Accepted,,,,,
12687,Accepted,,,,,
12688,Accepted,,,,,
12689,Accepted,,,,,
12690,Accepted,,,,,
12691,Accepted,,,,,
12692,Accepted,,,,,
12693,Accepted,,,,,
12694,Accepted,,,,,
12695,Accepted,,,,,
12696,Accepted,,,,,
12697,Accepted,,,,,
12698,Accepted,,,,,
12699,Accepted,,,,,
12700,Accepted,,,,,
12701,Accepted,,,,,
12702,Accepted,,,,,
12703,Accepted,,,,,
12704,Accepted,,,,,
12705,Accepted,,,,,
12706,Accepted,,,,,
12707,Accepted,,,,,
12708,Accepted,,,,,
12709,Accepted,,,,,
12710,Accepted,,,,,
12711,Accepted,,,,,
12712,Accepted,,,,,
12713,Accepted,,,,,
12714,Accepted,,,,,
12715,Accepted,,,,,
12716,Accepted,,,,,
12717,Accepted,,,,,
12718,Accepted,,,,,
12719,Accepted,,,,,
12720,Accepted,,,,,
12721,Accepted,,,,,
12722,Accepted,,,,,
12723,Accepted,,,,,
12724,Accepted,,,,,
12725,Accepted,,,,,
12726,Accepted,,,,,
12727,Accepted,,,,,
12728,Accepted,,,,,
12729,Accepted,,,,,
12730,Accepted,,,,,
12731,Accepted,,,,,
12732,Accepted,,,,,
12733,Accepted,,,,,
12734,Accepted,,,,,
12735,Accepted,,,,,
12736,Accepted,,,,,
12737,Accepted,,,,,
12738,Accepted,,,,,
12739,Accepted,,,,,
12740,Accepted,,,,,
12741,Accepted,,,,,
12742,Accepted,,,,,
12743,Accepted,,,,,
12744,Accepted,,,,,
12745,Accepted,,,,,
12746,Accepted,,,,,
12747,Accepted,,,,,
12748,Accepted,,,,,
12749,Accepted,,,,,
12750,Accepted,,,,,
12751,Accepted,,,,,
12752,Accepted,,,,,
12753,Accepted,,,,,
12754,Accepted,,,,,
12755,Accepted,,,,,
12756,Accepted,,,,,
12757,Accepted,,,,,
12758,Accepted,,,,,
12759,Accepted,,,,,
12760,Accepted,,,,,
12761,Accepted,,,,,
12762,Accepted,,,,,
12763,Accepted,,,,,
12764,Accepted,,,,,
12765,Accepted,,,,,
12766,Accepted,,,,,
12767,Accepted,,,,,
12768,Accepted,,,,,
12769,Accepted,,,,,
12770,Accepted,,,,,
12771,Accepted,,,,,
12772,Accepted,,,,,
12773,Accepted,,,,,
12774,Accepted,,,,,
12775,Accepted,,,,,
12776,Accepted,,,,,
12777,Accepted,,,,,
12778,Accepted,,,,,
12779,Accepted,,,,,
12780,Accepted,,,,,
12781,Accepted,,,,,
12782,Accepted,,,,,
12783,Accepted,,,,,
12784,Accepted,,,,,
12785,Accepted,,,,,
12786,Accepted,,,,,
12787,Accepted,,,,,
12788,Accepted,,,,,
12789,Accepted,,,,,
12790,Accepted,,,,,
12791,Accepted,,,,,
12792,Accepted,,,,,
12793,Accepted,,,,,
12794,Accepted,,,,,
12795,Accepted,,,,,
12796,Accepted,,,,,
12797,Accepted,,,,,
12798,Accepted,,,,,
12799,Accepted,,,,,
12800,Accepted,,,,,
12801,Accepted,,,,,
12802,Accepted,,,,,
12803,Accepted,,,,,
12804,Accepted,,,,,
12805,Accepted,,,,,
12806,Accepted,,,,,
12807,Accepted,,,,,
12808,Accepted,,,,,
12809,Accepted,,,,,
12810,Accepted,,,,,
12811,Accepted,,,,,
12812,Accepted,,,,,
12813,Accepted,,,,,
12814,Accepted,,,,,
12815,Accepted,,,,,
12816,Accepted,,,,,
12817,Accepted,,,,,
12818,Accepted,,,,,
12819,Accepted,,,,,
12820,Accepted,,,,,
12821,Accepted,,,,,
12822,Accepted,,,,,
12823,Accepted,,,,,
12824,Accepted,,,,,
12825,Accepted,,,,,
12826,Accepted,,,,,
12827,Accepted,,,,,
12828,Accepted,,,,,
12829,Accepted,,,,,
12830,Accepted,,,,,
12831,Accepted,,,,,
12832,Accepted,,,,,
12833,Accepted,,,,,
12834,Accepted,,,,,
12835,Accepted,,,,,
12836,Accepted,,,,,
12837,Accepted,,,,,
12838,Accepted,,,,,
12839,Accepted,,,,,
12840,Accepted,,,,,
12841,Accepted,,,,,
12842,Accepted,,,,,
12843,Accepted,,,,,
12844,Accepted,,,,,
12845,Accepted,,,,,
12846,Accepted,,,,,
12847,Accepted,,,,,
12848,Accepted,,,,,
12849,Accepted,,,,,
12850,Accepted,,,,,
12851,Accepted,,,,,
12852,Accepted,,,,,
12853,Accepted,,,,,
12854,Accepted,,,,,
12855,Accepted,,,,,
12856,Accepted,,,,,
12857,Accepted,,,,,
12858,Accepted,,,,,
12859,Accepted,,,,,
12860,Accepted,,,,,
12861,Accepted,,,,,
12862,Accepted,,,,,
12863,Accepted,,,,,
12864,Accepted,,,,,
12865,Accepted,,,,,
12866,Accepted,,,,,
12867,Accepted,,,,,
12868,Accepted,,,,,
12869,Accepted,,,,,
12870,Accepted,,,,,
12871,Accepted,,,,,
12872,Accepted,,,,,
12873,Accepted,,,,,
12874,Accepted,,,,,
12875,Accepted,,,,,
12876,Accepted,,,,,
12877,Accepted,,,,,
12878,Accepted,,,,,
12879,Accepted,,,,,
12880,Accepted,,,,,
12881,Accepted,,,,,
12882,Accepted,,,,,
12883,Accepted,,,,,
12884,Accepted,,,,,
12885,Accepted,,,,,
12886,Accepted,,,,,
12887,Accepted,,,,,
12888,Accepted,,,,,
12889,Accepted,,,,,
12890,Accepted,,,,,
12891,Accepted,,,,,
12892,Accepted,,,,,
12893,Accepted,,,,,
12894,Accepted,,,,,
12895,Accepted,,,,,
12896,Accepted,,,,,
12897,Accepted,,,,,
12898,Accepted,,,,,
12899,Accepted,,,,,
12900,Accepted,,,,,
12901,Accepted,,,,,
12902,Accepted,,,,,
12903,Accepted,,,,,
12904,Accepted,,,,,
12905,Accepted,,,,,
12906,Accepted,,,,,
12907,Accepted,,,,,
12908,Accepted,,,,,
12909,Accepted,,,,,
12910,Accepted,,,,,
12911,Accepted,,,,,
12912,Accepted,,,,,
12913,Accepted,,,,,
12914,Accepted,,,,,
12915,Accepted,,,,,
12916,Accepted,,,,,
12917,Accepted,,,,,
12918,Accepted,,,,,
12919,Accepted,,,,,
12920,Accepted,,,,,
12921,Accepted,,,,,
12922,Accepted,,,,,
12923,Accepted,,,,,
12924,Accepted,,,,,
12925,Accepted,,,,,
12926,Accepted,,,,,
12927,Accepted,,,,,
12928,Accepted,,,,,
12929,Accepted,,,,,
12930,Accepted,,,,,
12931,Accepted,,,,,
12932,Accepted,,,,,
12933,Accepted,,,,,
12934,Accepted,,,,,
12935,Accepted,,,,,
12936,Accepted,,,,,
12937,Accepted,,,,,
12938,Accepted,,,,,
12939,Accepted,,,,,
12940,Accepted,,,,,
12941,Accepted,,,,,
12942,Accepted,,,,,
12943,Accepted,,,,,
12944,Accepted,,,,,
12945,Accepted,,,,,
12946,Accepted,,,,,
12947,Accepted,,,,,
12948,Accepted,,,,,
12949,Accepted,,,,,
12950,Accepted,,,,,
12951,Accepted,,,,,
12952,Accepted,,,,,
12953,Accepted,,,,,
12954,Accepted,,,,,
12955,Accepted,,,,,
12956,Accepted,,,,,
12957,Accepted,,,,,
12958,Accepted,,,,,
12959,Accepted,,,,,
12960,Accepted,,,,,
12961,Accepted,,,,,
12962,Accepted,,,,,
12963,Accepted,,,,,
12964,Accepted,,,,,
12965,Accepted,,,,,
12966,Accepted,,,,,
12967,Accepted,,,,,
12968,Accepted,,,,,
12969,Accepted,,,,,
12970,Accepted,,,,,
12971,Accepted,,,,,
12972,Accepted,,,,,
12973,Accepted,,,,,
12974,Accepted,,,,,
12975,Accepted,,,,,
12976,Accepted,,,,,
12977,Accepted,,,,,
12978,Accepted,,,,,
12979,Accepted,,,,,
12980,Accepted,,,,,
12981,Accepted,,,,,
12982,Accepted,,,,,
12983,Accepted,,,,,
12984,Accepted,,,,,
12985,Accepted,,,,,
12986,Accepted,,,,,
12987,Accepted,,,,,
12988,Accepted,,,,,
12989,Accepted,,,,,
12990,Accepted,,,,,
12991,Accepted,,,,,
12992,Accepted,,,,,
12993,Accepted,,,,,
12994,Accepted,,,,,
12995,Accepted,,,,,
12996,Accepted,,,,,
12997,Accepted,,,,,
12998,Accepted,,,,,
12999,Accepted,,,,,
13000,Accepted,,,,,
13001,Accepted,,,,,
13002,Accepted,,,,,
13003,Accepted,,,,,
13004,Accepted,,,,,
13005,Accepted,,,,,
13006,Accepted,,,,,
13007,Accepted,,,,,
13008,Accepted,,,,,
13009,Accepted,,,,,
13010,Accepted,,,,,
13011,Accepted,,,,,
13012,Accepted,,,,,
13013,Accepted,,,,,
13014,Accepted,,,,,
13015,Accepted,,,,,
13016,Accepted,,,,,
13017,Accepted,,,,,
13018,Accepted,,,,,
13019,Accepted,,,,,
13020,Accepted,,,,,
13021,Accepted,,,,,
13022,Accepted,,,,,
13023,Accepted,,,,,
13024,Accepted,,,,,
13025,Accepted,,,,,
13026,Accepted,,,,,
13027,Accepted,,,,,
13028,Accepted,,,,,
13029,Accepted,,,,,
13030,Accepted,,,,,
13031,Accepted,,,,,
13032,Accepted,,,,,
13033,Accepted,,,,,
13034,Accepted,,,,,
13035,Accepted,,,,,
13036,Accepted,,,,,
13037,Accepted,,,,,
13038,Accepted,,,,,
13039,Accepted,,,,,
13040,Accepted,,,,,
13041,Accepted,,,,,
13042,Accepted,,,,,
13043,Accepted,,,,,
13044,Accepted,,,,,
13045,Accepted,,,,,
13046,Accepted,,,,,
13047,Accepted,,,,,
13048,Accepted,,,,,
13049,Accepted,,,,,
13050,Accepted,,,,,
13051,Accepted,,,,,
13052,Accepted,,,,,
13053,Accepted,,,,,
13054,Accepted,,,,,
13055,Accepted,,,,,
13056,Accepted,,,,,
13057,Accepted,,,,,
13058,Accepted,,,,,
13059,Accepted,,,,,
13060,Accepted,,,,,
13061,Accepted,,,,,
13062,Accepted,,,,,
13063,Accepted,,,,,
13064,Accepted,,,,,
13065,Accepted,,,,,
13066,Accepted,,,,,
13067,Accepted,,,,,
13068,Accepted,,,,,
13069,Accepted,,,,,
13070,Accepted,,,,,
13071,Accepted,,,,,
13072,Accepted,,,,,
13073,Accepted,,,,,
13074,Accepted,,,,,
13075,Accepted,,,,,
13076,Accepted,,,,,
13077,Accepted,,,,,
13078,Accepted,,,,,
13079,Accepted,,,,,
13080,Accepted,,,,,
13081,Accepted,,,,,
13082,Accepted,,,,,
13083,Accepted,,,,,
13084,Accepted,,,,,
13085,Accepted,,,,,
13086,Accepted,,,,,
13087,Accepted,,,,,
13088,Accepted,,,,,
13089,Accepted,,,,,
13090,Accepted,,,,,
13091,Accepted,,,,,
13092,Accepted,,,,,
13093,Accepted,,,,,
13094,Accepted,,,,,
13095,Accepted,,,,,
13096,Accepted,,,,,
13097,Accepted,,,,,
13098,Accepted,,,,,
13099,Accepted,,,,,
13100,Accepted,,,,,
13101,Accepted,,,,,
13102,Accepted,,,,,
13103,Accepted,,,,,
13104,Accepted,,,,,
13105,Accepted,,,,,
13106,Accepted,,,,,
13107,Accepted,,,,,
13108,Accepted,,,,,
13109,Accepted,,,,,
13110,Accepted,,,,,
13111,Accepted,,,,,
13112,Accepted,,,,,
13113,Accepted,,,,,
13114,Accepted,,,,,
13115,Accepted,,,,,
13116,Accepted,,,,,
13117,Accepted,,,,,
13118,Accepted,,,,,
13119,Accepted,,,,,
13120,Accepted,,,,,
13121,Accepted,,,,,
13122,Accepted,,,,,
13123,Accepted,,,,,
13124,Accepted,,,,,
13125,Accepted,,,,,
13126,Accepted,,,,,
13127,Accepted,,,,,
13128,Accepted,,,,,
13129,Accepted,,,,,
13130,Accepted,,,,,
13131,Accepted,,,,,
13132,Accepted,,,,,
13133,Accepted,,,,,
13134,Accepted,,,,,
13135,Accepted,,,,,
13136,Accepted,,,,,
13137,Accepted,,,,,
13138,Accepted,,,,,
13139,Accepted,,,,,
13140,Accepted,,,,,
13141,Accepted,,,,,
13142,Accepted,,,,,
13143,Accepted,,,,,
13144,Accepted,,,,,
13145,Accepted,,,,,
13146,Accepted,,,,,
13147,Accepted,,,,,
13148,Accepted,,,,,
13149,Accepted,,,,,
13150,Accepted,,,,,
13151,Accepted,,,,,
13152,Accepted,,,,,
13153,Accepted,,,,,
13154,Accepted,,,,,
13155,Accepted,,,,,
13156,Accepted,,,,,
13157,Accepted,,,,,
13158,Accepted,,,,,
13159,Accepted,,,,,
13160,Accepted,,,,,
13161,Accepted,,,,,
13162,Accepted,,,,,
13163,Accepted,,,,,
13164,Accepted,,,,,
13165,Accepted,,,,,
13166,Accepted,,,,,
13167,Accepted,,,,,
13168,Accepted,,,,,
13169,Accepted,,,,,
13170,Accepted,,,,,
13171,Accepted,,,,,
13172,Accepted,,,,,
13173,Accepted,,,,,
13174,Accepted,,,,,
13175,Accepted,,,,,
13176,Accepted,,,,,
13177,Accepted,,,,,
13178,Accepted,,,,,
13179,Accepted,,,,,
13180,Accepted,,,,,
13181,Accepted,,,,,
13182,Accepted,,,,,
13183,Accepted,,,,,
13184,Accepted,,,,,
13185,Accepted,,,,,
13186,Accepted,,,,,
13187,Accepted,,,,,
13188,Accepted,,,,,
13189,Accepted,,,,,
13190,Accepted,,,,,
13191,Accepted,,,,,
13192,Accepted,,,,,
13193,Accepted,,,,,
13194,Accepted,,,,,
13195,Accepted,,,,,
13196,Accepted,,,,,
13197,Accepted,,,,,
13198,Accepted,,,,,
13199,Accepted,,,,,
13200,Accepted,,,,,
13201,Accepted,,,,,
13202,Accepted,,,,,
13203,Accepted,,,,,
13204,Accepted,,,,,
13205,Accepted,,,,,
13206,Accepted,,,,,
13207,Accepted,,,,,
13208,Accepted,,,,,
13209,Accepted,,,,,
13210,Accepted,,,,,
13211,Accepted,,,,,
13212,Accepted,,,,,
13213,Accepted,,,,,
13214,Accepted,,,,,
13215,Accepted,,,,,
13216,Accepted,,,,,
13217,Accepted,,,,,
13218,Accepted,,,,,
13219,Accepted,,,,,
13220,Accepted,,,,,
13221,Accepted,,,,,
13222,Accepted,,,,,
13223,Accepted,,,,,
13224,Accepted,,,,,
13225,Accepted,,,,,
13226,Accepted,,,,,
13227,Accepted,,,,,
13228,Accepted,,,,,
13229,Accepted,,,,,
13230,Accepted,,,,,
13231,Accepted,,,,,
13232,Accepted,,,,,
13233,Accepted,,,,,
13234,Accepted,,,,,
13235,Accepted,,,,,
13236,Accepted,,,,,
13237,Accepted,,,,,
13238,Accepted,,,,,
13239,Accepted,,,,,
13240,Accepted,,,,,
13241,Accepted,,,,,
13242,Accepted,,,,,
13243,Accepted,,,,,
13244,Accepted,,,,,
13245,Accepted,,,,,
13246,Accepted,,,,,
13247,Accepted,,,,,
13248,Accepted,,,,,
13249,Accepted,,,,,
13250,Accepted,,,,,
13251,Accepted,,,,,
13252,Accepted,,,,,
13253,Accepted,,,,,
13254,Accepted,,,,,
13255,Accepted,,,,,
13256,Accepted,,,,,
13257,Accepted,,,,,
13258,Accepted,,,,,
13259,Accepted,,,,,
13260,Accepted,,,,,
13261,Accepted,,,,,
13262,Accepted,,,,,
13263,Accepted,,,,,
13264,Accepted,,,,,
13265,Accepted,,,,,
13266,Accepted,,,,,
13267,Accepted,,,,,
13268,Accepted,,,,,
13269,Accepted,,,,,
13270,Accepted,,,,,
13271,Accepted,,,,,
13272,Accepted,,,,,
13273,Accepted,,,,,
13274,Accepted,,,,,
13275,Accepted,,,,,
13276,Accepted,,,,,
13277,Accepted,,,,,
13278,Accepted,,,,,
13279,Accepted,,,,,
13280,Accepted,,,,,
13281,Accepted,,,,,
13282,Accepted,,,,,
13283,Accepted,,,,,
13284,Accepted,,,,,
13285,Accepted,,,,,
13286,Accepted,,,,,
13287,Accepted,,,,,
13288,Accepted,,,,,
13289,Accepted,,,,,
13290,Accepted,,,,,
13291,Accepted,,,,,
13292,Accepted,,,,,
13293,Accepted,,,,,
13294,Accepted,,,,,
13295,Accepted,,,,,
13296,Accepted,,,,,
13297,Accepted,,,,,
13298,Accepted,,,,,
13299,Accepted,,,,,
13300,Accepted,,,,,
13301,Accepted,,,,,
13302,Accepted,,,,,
13303,Accepted,,,,,
13304,Accepted,,,,,
13305,Accepted,,,,,
13306,Accepted,,,,,
13307,Accepted,,,,,
13308,Accepted,,,,,
13309,Accepted,,,,,
13310,Accepted,,,,,
13311,Accepted,,,,,
13312,Accepted,,,,,
13313,Accepted,,,,,
13314,Accepted,,,,,
13315,Accepted,,,,,
13316,Accepted,,,,,
13317,Accepted,,,,,
13318,Accepted,,,,,
13319,Accepted,,,,,
13320,Accepted,,,,,
13321,Accepted,,,,,
13322,Accepted,,,,,
13323,Accepted,,,,,
13324,Accepted,,,,,
13325,Accepted,,,,,
13326,Accepted,,,,,
13327,Accepted,,,,,
13328,Accepted,,,,,
13329,Accepted,,,,,
13330,Accepted,,,,,
13331,Accepted,,,,,
13332,Accepted,,,,,
13333,Accepted,,,,,
13334,Accepted,,,,,
13335,Accepted,,,,,
13336,Accepted,,,,,
13337,Accepted,,,,,
13338,Accepted,,,,,
13339,Accepted,,,,,
13340,Accepted,,,,,
13341,Accepted,,,,,
13342,Accepted,,,,,
13343,Accepted,,,,,
13344,Accepted,,,,,
13345,Accepted,,,,,
13346,Accepted,,,,,
13347,Accepted,,,,,
13348,Accepted,,,,,
13349,Accepted,,,,,
13350,Accepted,,,,,
13351,Accepted,,,,,
13352,Accepted,,,,,
13353,Accepted,,,,,
13354,Accepted,,,,,
13355,Accepted,,,,,
13356,Accepted,,,,,
13357,Accepted,,,,,
13358,Accepted,,,,,
13359,Accepted,,,,,
13360,Accepted,,,,,
13361,Accepted,,,,,
13362,Accepted,,,,,
13363,Accepted,,,,,
13364,Accepted,,,,,
13365,Accepted,,,,,
13366,Accepted,,,,,
13367,Accepted,,,,,
13368,Accepted,,,,,
13369,Accepted,,,,,
13370,Accepted,,,,,
13371,Accepted,,,,,
13372,Accepted,,,,,
13373,Accepted,,,,,
13374,Accepted,,,,,
13375,Accepted,,,,,
13376,Accepted,,,,,
13377,Accepted,,,,,
13378,Accepted,,,,,
13379,Accepted,,,,,
13380,Accepted,,,,,
13381,Accepted,,,,,
13382,Accepted,,,,,
13383,Accepted,,,,,
13384,Accepted,,,,,
13385,Accepted,,,,,
13386,Accepted,,,,,
13387,Accepted,,,,,
13388,Accepted,,,,,
13389,Accepted,,,,,
13390,Accepted,,,,,
13391,Accepted,,,,,
13392,Accepted,,,,,
13393,Accepted,,,,,
13394,Accepted,,,,,
13395,Accepted,,,,,
13396,Accepted,,,,,
13397,Accepted,,,,,
13398,Accepted,,,,,
13399,Accepted,,,,,
13400,Accepted,,,,,
13401,Accepted,,,,,
13402,Accepted,,,,,
13403,Accepted,,,,,
13404,Accepted,,,,,
13405,Accepted,,,,,
13406,Accepted,,,,,
13407,Accepted,,,,,
13408,Accepted,,,,,
13409,Accepted,,,,,
13410,Accepted,,,,,
13411,Accepted,,,,,
13412,Accepted,,,,,
13413,Accepted,,,,,
13414,Accepted,,,,,
13415,Accepted,,,,,
13416,Accepted,,,,,
13417,Accepted,,,,,
13418,Accepted,,,,,
13419,Accepted,,,,,
13420,Accepted,,,,,
13421,Accepted,,,,,
13422,Accepted,,,,,
13423,Accepted,,,,,
13424,Accepted,,,,,
13425,Accepted,,,,,
13426,Accepted,,,,,
13427,Accepted,,,,,
13428,Accepted,,,,,
13429,Accepted,,,,,
13430,Accepted,,,,,
13431,Accepted,,,,,
13432,Accepted,,,,,
13433,Accepted,,,,,
13434,Accepted,,,,,
13435,Accepted,,,,,
13436,Accepted,,,,,
13437,Accepted,,,,,
13438,Accepted,,,,,
13439,Accepted,,,,,
13440,Accepted,,,,,
13441,Accepted,,,,,
13442,Accepted,,,,,
13443,Accepted,,,,,
13444,Accepted,,,,,
13445,Accepted,,,,,
13446,Accepted,,,,,
13447,Accepted,,,,,
13448,Accepted,,,,,
13449,Accepted,,,,,
13450,Accepted,,,,,
13451,Accepted,,,,,
13452,Accepted,,,,,
13453,Accepted,,,,,
13454,Accepted,,,,,
13455,Accepted,,,,,
13456,Accepted,,,,,
13457,Accepted,,,,,
13458,Accepted,,,,,
13459,Accepted,,,,,
13460,Accepted,,,,,
13461,Accepted,,,,,
13462,Accepted,,,,,
13463,Accepted,,,,,
13464,Accepted,,,,,
13465,Accepted,,,,,
13466,Accepted,,,,,
13467,Accepted,,,,,
13468,Accepted,,,,,
13469,Accepted,,,,,
13470,Accepted,,,,,
13471,Accepted,,,,,
13472,Accepted,,,,,
13473,Accepted,,,,,
13474,Accepted,,,,,
13475,Accepted,,,,,
13476,Accepted,,,,,
13477,Accepted,,,,,
13478,Accepted,,,,,
13479,Accepted,,,,,
13480,Accepted,,,,,
13481,Accepted,,,,,
13482,Accepted,,,,,
13483,Accepted,,,,,
13484,Accepted,,,,,
13485,Accepted,,,,,
13486,Accepted,,,,,
13487,Accepted,,,,,
13488,Accepted,,,,,
13489,Accepted,,,,,
13490,Accepted,,,,,
13491,Accepted,,,,,
13492,Accepted,,,,,
13493,Accepted,,,,,
13494,Accepted,,,,,
13495,Accepted,,,,,
13496,Accepted,,,,,
13497,Accepted,,,,,
13498,Accepted,,,,,
13499,Accepted,,,,,
13500,Accepted,,,,,
13501,Accepted,,,,,
13502,Accepted,,,,,
13503,Accepted,,,,,
13504,Accepted,,,,,
13505,Accepted,,,,,
13506,Accepted,,,,,
13507,Accepted,,,,,
13508,Accepted,,,,,
13509,Accepted,,,,,
13510,Accepted,,,,,
13511,Accepted,,,,,
13512,Accepted,,,,,
13513,Accepted,,,,,
13514,Accepted,,,,,
13515,Accepted,,,,,
13516,Accepted,,,,,
13517,Accepted,,,,,
13518,Accepted,,,,,
13519,Accepted,,,,,
13520,Accepted,,,,,
13521,Accepted,,,,,
13522,Accepted,,,,,
13523,Accepted,,,,,
13524,Accepted,,,,,
13525,Accepted,,,,,
13526,Accepted,,,,,
13527,Accepted,,,,,
13528,Accepted,,,,,
13529,Accepted,,,,,
13530,Accepted,,,,,
13531,Accepted,,,,,
13532,Accepted,,,,,
13533,Accepted,,,,,
13534,Accepted,,,,,
13535,Accepted,,,,,
13536,Accepted,,,,,
13537,Accepted,,,,,
13538,Accepted,,,,,
13539,Accepted,,,,,
13540,Accepted,,,,,
13541,Accepted,,,,,
13542,Accepted,,,,,
13543,Accepted,,,,,
13544,Accepted,,,,,
13545,Accepted,,,,,
13546,Accepted,,,,,
13547,Accepted,,,,,
13548,Accepted,,,,,
13549,Accepted,,,,,
13550,Accepted,,,,,
13551,Accepted,,,,,
13552,Accepted,,,,,
13553,Accepted,,,,,
13554,Accepted,,,,,
13555,Accepted,,,,,
13556,Accepted,,,,,
13557,Accepted,,,,,
13558,Accepted,,,,,
13559,Accepted,,,,,
13560,Accepted,,,,,
13561,Accepted,,,,,
13562,Accepted,,,,,
13563,Accepted,,,,,
13564,Accepted,,,,,
13565,Accepted,,,,,
13566,Accepted,,,,,
13567,Accepted,,,,,
13568,Accepted,,,,,
13569,Accepted,,,,,
13570,Accepted,,,,,
13571,Accepted,,,,,
13572,Accepted,,,,,
13573,Accepted,,,,,
13574,Accepted,,,,,
13575,Accepted,,,,,
13576,Accepted,,,,,
13577,Accepted,,,,,
13578,Accepted,,,,,
13579,Accepted,,,,,
13580,Accepted,,,,,
13581,Accepted,,,,,
13582,Accepted,,,,,
13583,Accepted,,,,,
13584,Accepted,,,,,
13585,Accepted,,,,,
13586,Accepted,,,,,
13587,Accepted,,,,,
13588,Accepted,,,,,
13589,Accepted,,,,,
13590,Accepted,,,,,
13591,Accepted,,,,,
13592,Accepted,,,,,
13593,Accepted,,,,,
13594,Accepted,,,,,
13595,Accepted,,,,,
13596,Accepted,,,,,
13597,Accepted,,,,,
13598,Accepted,,,,,
13599,Accepted,,,,,
13600,Accepted,,,,,
13601,Accepted,,,,,
13602,Accepted,,,,,
13603,Accepted,,,,,
13604,Accepted,,,,,
13605,Accepted,,,,,
13606,Accepted,,,,,
13607,Accepted,,,,,
13608,Accepted,,,,,
13609,Accepted,,,,,
13610,Accepted,,,,,
13611,Accepted,,,,,
13612,Accepted,,,,,
13613,Accepted,,,,,
13614,Accepted,,,,,
13615,Accepted,,,,,
13616,Accepted,,,,,
13617,Accepted,,,,,
13618,Accepted,,,,,
13619,Accepted,,,,,
13620,Accepted,,,,,
13621,Accepted,,,,,
13622,Accepted,,,,,
13623,Accepted,,,,,
13624,Accepted,,,,,
13625,Accepted,,,,,
13626,Accepted,,,,,
13627,Accepted,,,,,
13628,Accepted,,,,,
13629,Accepted,,,,,
13630,Accepted,,,,,
13631,Accepted,,,,,
13632,Accepted,,,,,
13633,Accepted,,,,,
13634,Accepted,,,,,
13635,Accepted,,,,,
13636,Accepted,,,,,
13637,Accepted,,,,,
13638,Accepted,,,,,
13639,Accepted,,,,,
13640,Accepted,,,,,
13641,Accepted,,,,,
13642,Accepted,,,,,
13643,Accepted,,,,,
13644,Accepted,,,,,
13645,Accepted,,,,,
13646,Accepted,,,,,
13647,Accepted,,,,,
13648,Accepted,,,,,
13649,Accepted,,,,,
13650,Accepted,,,,,
13651,Accepted,,,,,
13652,Accepted,,,,,
13653,Accepted,,,,,
13654,Accepted,,,,,
13655,Accepted,,,,,
13656,Accepted,,,,,
13657,Accepted,,,,,
13658,Accepted,,,,,
13659,Accepted,,,,,
13660,Accepted,,,,,
13661,Accepted,,,,,
13662,Accepted,,,,,
13663,Accepted,,,,,
13664,Accepted,,,,,
13665,Accepted,,,,,
13666,Accepted,,,,,
13667,Accepted,,,,,
13668,Accepted,,,,,
13669,Accepted,,,,,
13670,Accepted,,,,,
13671,Accepted,,,,,
13672,Accepted,,,,,
13673,Accepted,,,,,
13674,Accepted,,,,,
13675,Accepted,,,,,
13676,Accepted,,,,,
13677,Accepted,,,,,
13678,Accepted,,,,,
13679,Accepted,,,,,
13680,Accepted,,,,,
13681,Accepted,,,,,
13682,Accepted,,,,,
13683,Accepted,,,,,
13684,Accepted,,,,,
13685,Accepted,,,,,
13686,Accepted,,,,,
13687,Accepted,,,,,
13688,Accepted,,,,,
13689,Accepted,,,,,
13690,Accepted,,,,,
13691,Accepted,,,,,
13692,Accepted,,,,,
13693,Accepted,,,,,
13694,Accepted,,,,,
13695,Accepted,,,,,
13696,Accepted,,,,,
13697,Accepted,,,,,
13698,Accepted,,,,,
13699,Accepted,,,,,
13700,Accepted,,,,,
13701,Accepted,,,,,
13702,Accepted,,,,,
13703,Accepted,,,,,
13704,Accepted,,,,,
13705,Accepted,,,,,
13706,Accepted,,,,,
13707,Accepted,,,,,
13708,Accepted,,,,,
13709,Accepted,,,,,
13710,Accepted,,,,,
13711,Accepted,,,,,
13712,Accepted,,,,,
13713,Accepted,,,,,
13714,Accepted,,,,,
13715,Accepted,,,,,
13716,Accepted,,,,,
13717,Accepted,,,,,
13718,Accepted,,,,,
13719,Accepted,,,,,
13720,Accepted,,,,,
13721,Accepted,,,,,
13722,Accepted,,,,,
13723,Accepted,,,,,
13724,Accepted,,,,,
13725,Accepted,,,,,
13726,Accepted,,,,,
13727,Accepted,,,,,
13728,Accepted,,,,,
13729,Accepted,,,,,
13730,Accepted,,,,,
13731,Accepted,,,,,
13732,Accepted,,,,,
13733,Accepted,,,,,
13734,Accepted,,,,,
13735,Accepted,,,,,
13736,Accepted,,,,,
13737,Accepted,,,,,
13738,Accepted,,,,,
13739,Accepted,,,,,
13740,Accepted,,,,,
13741,Accepted,,,,,
13742,Accepted,,,,,
13743,Accepted,,,,,
13744,Accepted,,,,,
13745,Accepted,,,,,
13746,Accepted,,,,,
13747,Accepted,,,,,
13748,Accepted,,,,,
13749,Accepted,,,,,
13750,Accepted,,,,,
13751,Accepted,,,,,
13752,Accepted,,,,,
13753,Accepted,,,,,
13754,Accepted,,,,,
13755,Accepted,,,,,
13756,Accepted,,,,,
13757,Accepted,,,,,
13758,Accepted,,,,,
13759,Accepted,,,,,
13760,Accepted,,,,,
13761,Accepted,,,,,
13762,Accepted,,,,,
13763,Accepted,,,,,
13764,Accepted,,,,,
13765,Accepted,,,,,
13766,Accepted,,,,,
13767,Accepted,,,,,
13768,Accepted,,,,,
13769,Accepted,,,,,
13770,Accepted,,,,,
13771,Accepted,,,,,
13772,Accepted,,,,,
13773,Accepted,,,,,
13774,Accepted,,,,,
13775,Accepted,,,,,
13776,Accepted,,,,,
13777,Accepted,,,,,
13778,Accepted,,,,,
13779,Accepted,,,,,
13780,Accepted,,,,,
13781,Accepted,,,,,
13782,Accepted,,,,,
13783,Accepted,,,,,
13784,Accepted,,,,,
13785,Accepted,,,,,
13786,Accepted,,,,,
13787,Accepted,,,,,
13788,Accepted,,,,,
13789,Accepted,,,,,
13790,Accepted,,,,,
13791,Accepted,,,,,
13792,Accepted,,,,,
13793,Accepted,,,,,
13794,Accepted,,,,,
13795,Accepted,,,,,
13796,Accepted,,,,,
13797,Accepted,,,,,
13798,Accepted,,,,,
13799,Accepted,,,,,
13800,Accepted,,,,,
13801,Accepted,,,,,
13802,Accepted,,,,,
13803,Accepted,,,,,
13804,Accepted,,,,,
13805,Accepted,,,,,
13806,Accepted,,,,,
13807,Accepted,,,,,
13808,Accepted,,,,,
13809,Accepted,,,,,
13810,Accepted,,,,,
13811,Accepted,,,,,
13812,Accepted,,,,,
13813,Accepted,,,,,
13814,Accepted,,,,,
13815,Accepted,,,,,
13816,Accepted,,,,,
13817,Accepted,,,,,
13818,Accepted,,,,,
13819,Accepted,,,,,
13820,Accepted,,,,,
13821,Accepted,,,,,
13822,Accepted,,,,,
13823,Accepted,,,,,
13824,Accepted,,,,,
13825,Accepted,,,,,
13826,Accepted,,,,,
13827,Accepted,,,,,
13828,Accepted,,,,,
13829,Accepted,,,,,
13830,Accepted,,,,,
13831,Accepted,,,,,
13832,Accepted,,,,,
13833,Accepted,,,,,
13834,Accepted,,,,,
13835,Accepted,,,,,
13836,Accepted,,,,,
13837,Accepted,,,,,
13838,Accepted,,,,,
13839,Accepted,,,,,
13840,Accepted,,,,,
13841,Accepted,,,,,
13842,Accepted,,,,,
13843,Accepted,,,,,
13844,Accepted,,,,,
13845,Accepted,,,,,
13846,Accepted,,,,,
13847,Accepted,,,,,
13848,Accepted,,,,,
13849,Accepted,,,,,
13850,Accepted,,,,,
13851,Accepted,,,,,
13852,Accepted,,,,,
13853,Accepted,,,,,
13854,Accepted,,,,,
13855,Accepted,,,,,
13856,Accepted,,,,,
13857,Accepted,,,,,
13858,Accepted,,,,,
13859,Accepted,,,,,
13860,Accepted,,,,,
13861,Accepted,,,,,
13862,Accepted,,,,,
13863,Accepted,,,,,
13864,Accepted,,,,,
13865,Accepted,,,,,
13866,Accepted,,,,,
13867,Accepted,,,,,
13868,Accepted,,,,,
13869,Accepted,,,,,
13870,Accepted,,,,,
13871,Accepted,,,,,
13872,Accepted,,,,,
13873,Accepted,,,,,
13874,Accepted,,,,,
13875,Accepted,,,,,
13876,Accepted,,,,,
13877,Accepted,,,,,
13878,Accepted,,,,,
13879,Accepted,,,,,
13880,Accepted,,,,,
13881,Accepted,,,,,
13882,Accepted,,,,,
13883,Accepted,,,,,
13884,Accepted,,,,,
13885,Accepted,,,,,
13886,Accepted,,,,,
13887,Accepted,,,,,
13888,Accepted,,,,,
13889,Accepted,,,,,
13890,Accepted,,,,,
13891,Accepted,,,,,
13892,Accepted,,,,,
13893,Accepted,,,,,
13894,Accepted,,,,,
13895,Accepted,,,,,
13896,Accepted,,,,,
13897,Accepted,,,,,
13898,Accepted,,,,,
13899,Accepted,,,,,
13900,Accepted,,,,,
13901,Accepted,,,,,
13902,Accepted,,,,,
13903,Accepted,,,,,
13904,Accepted,,,,,
13905,Accepted,,,,,
13906,Accepted,,,,,
13907,Accepted,,,,,
13908,Accepted,,,,,
13909,Accepted,,,,,
13910,Accepted,,,,,
13911,Accepted,,,,,
13912,Accepted,,,,,
13913,Accepted,,,,,
13914,Accepted,,,,,
13915,Accepted,,,,,
13916,Accepted,,,,,
13917,Accepted,,,,,
13918,Accepted,,,,,
13919,Accepted,,,,,
13920,Accepted,,,,,
13921,Accepted,,,,,
13922,Accepted,,,,,
13923,Accepted,,,,,
13924,Accepted,,,,,
13925,Accepted,,,,,
13926,Accepted,,,,,
13927,Accepted,,,,,
13928,Accepted,,,,,
13929,Accepted,,,,,
13930,Accepted,,,,,
13931,Accepted,,,,,
13932,Accepted,,,,,
13933,Accepted,,,,,
13934,Accepted,,,,,
13935,Accepted,,,,,
13936,Accepted,,,,,
13937,Accepted,,,,,
13938,Accepted,,,,,
13939,Accepted,,,,,
13940,Accepted,,,,,
13941,Accepted,,,,,
13942,Accepted,,,,,
13943,Accepted,,,,,
13944,Accepted,,,,,
13945,Accepted,,,,,
13946,Accepted,,,,,
13947,Accepted,,,,,
13948,Accepted,,,,,
13949,Accepted,,,,,
13950,Accepted,,,,,
13951,Accepted,,,,,
13952,Accepted,,,,,
13953,Accepted,,,,,
13954,Accepted,,,,,
13955,Accepted,,,,,
13956,Accepted,,,,,
13957,Accepted,,,,,
13958,Accepted,,,,,
13959,Accepted,,,,,
13960,Accepted,,,,,
13961,Accepted,,,,,
13962,Accepted,,,,,
13963,Accepted,,,,,
13964,Accepted,,,,,
13965,Accepted,,,,,
13966,Accepted,,,,,
13967,Accepted,,,,,
13968,Accepted,,,,,
13969,Accepted,,,,,
13970,Accepted,,,,,
13971,Accepted,,,,,
13972,Accepted,,,,,
13973,Accepted,,,,,
13974,Accepted,,,,,
13975,Accepted,,,,,
13976,Accepted,,,,,
13977,Accepted,,,,,
13978,Accepted,,,,,
13979,Accepted,,,,,
13980,Accepted,,,,,
13981,Accepted,,,,,
13982,Accepted,,,,,
13983,Accepted,,,,,
13984,Accepted,,,,,
13985,Accepted,,,,,
13986,Accepted,,,,,
13987,Accepted,,,,,
13988,Accepted,,,,,
13989,Accepted,,,,,
13990,Accepted,,,,,
13991,Accepted,,,,,
13992,Accepted,,,,,
13993,Accepted,,,,,
13994,Accepted,,,,,
13995,Accepted,,,,,
13996,Accepted,,,,,
13997,Accepted,,,,,
13998,Accepted,,,,,
13999,Accepted,,,,,
14000,Accepted,,,,,
14001,Accepted,,,,,
14002,Accepted,,,,,
14003,Accepted,,,,,
14004,Accepted,,,,,
14005,Accepted,,,,,
14006,Accepted,,,,,
14007,Accepted,,,,,
14008,Accepted,,,,,
14009,Accepted,,,,,
14010,Accepted,,,,,
14011,Accepted,,,,,
14012,Accepted,,,,,
14013,Accepted,,,,,
14014,Accepted,,,,,
14015,Accepted,,,,,
14016,Accepted,,,,,
14017,Accepted,,,,,
14018,Accepted,,,,,
14019,Accepted,,,,,
14020,Accepted,,,,,
14021,Accepted,,,,,
14022,Accepted,,,,,
14023,Accepted,,,,,
14024,Accepted,,,,,
14025,Accepted,,,,,
14026,Accepted,,,,,
14027,Accepted,,,,,
14028,Accepted,,,,,
14029,Accepted,,,,,
14030,Accepted,,,,,
14031,Accepted,,,,,
14032,Accepted,,,,,
14033,Accepted,,,,,
14034,Accepted,,,,,
14035,Accepted,,,,,
14036,Accepted,,,,,
14037,Accepted,,,,,
14038,Accepted,,,,,
14039,Accepted,,,,,
14040,Accepted,,,,,
14041,Accepted,,,,,
14042,Accepted,,,,,
14043,Accepted,,,,,
14044,Accepted,,,,,
14045,Accepted,,,,,
14046,Accepted,,,,,
14047,Accepted,,,,,
14048,Accepted,,,,,
14049,Accepted,,,,,
14050,Accepted,,,,,
14051,Accepted,,,,,
14052,Accepted,,,,,
14053,Accepted,,,,,
14054,Accepted,,,,,
14055,Accepted,,,,,
14056,Accepted,,,,,
14057,Accepted,,,,,
14058,Accepted,,,,,
14059,Accepted,,,,,
14060,Accepted,,,,,
14061,Accepted,,,,,
14062,Accepted,,,,,
14063,Accepted,,,,,
14064,Accepted,,,,,
14065,Accepted,,,,,
14066,Accepted,,,,,
14067,Accepted,,,,,
14068,Accepted,,,,,
14069,Accepted,,,,,
14070,Accepted,,,,,
14071,Accepted,,,,,
14072,Accepted,,,,,
14073,Accepted,,,,,
14074,Accepted,,,,,
14075,Accepted,,,,,
14076,Accepted,,,,,
14077,Accepted,,,,,
14078,Accepted,,,,,
14079,Accepted,,,,,
14080,Accepted,,,,,
14081,Accepted,,,,,
14082,Accepted,,,,,
14083,Accepted,,,,,
14084,Accepted,,,,,
14085,Accepted,,,,,
14086,Accepted,,,,,
14087,Accepted,,,,,
14088,Accepted,,,,,
14089,Accepted,,,,,
14090,Accepted,,,,,
14091,Accepted,,,,,
14092,Accepted,,,,,
14093,Accepted,,,,,
14094,Accepted,,,,,
14095,Accepted,,,,,
14096,Accepted,,,,,
14097,Accepted,,,,,
14098,Accepted,,,,,
14099,Accepted,,,,,
14100,Accepted,,,,,
14101,Accepted,,,,,
14102,Accepted,,,,,
14103,Accepted,,,,,
14104,Accepted,,,,,
14105,Accepted,,,,,
14106,Accepted,,,,,
14107,Accepted,,,,,
14108,Accepted,,,,,
14109,Accepted,,,,,
14110,Accepted,,,,,
14111,Accepted,,,,,
14112,Accepted,,,,,
14113,Accepted,,,,,
14114,Accepted,,,,,
14115,Accepted,,,,,
14116,Accepted,,,,,
14117,Accepted,,,,,
14118,Accepted,,,,,
14119,Accepted,,,,,
14120,Accepted,,,,,
14121,Accepted,,,,,
14122,Accepted,,,,,
14123,Accepted,,,,,
14124,Accepted,,,,,
14125,Accepted,,,,,
14126,Accepted,,,,,
14127,Accepted,,,,,
14128,Accepted,,,,,
14129,Accepted,,,,,
14130,Accepted,,,,,
14131,Accepted,,,,,
14132,Accepted,,,,,
14133,Accepted,,,,,
14134,Accepted,,,,,
14135,Accepted,,,,,
14136,Accepted,,,,,
14137,Accepted,,,,,
14138,Accepted,,,,,
14139,Accepted,,,,,
14140,Accepted,,,,,
14141,Accepted,,,,,
14142,Accepted,,,,,
14143,Accepted,,,,,
14144,Accepted,,,,,
14145,Accepted,,,,,
14146,Accepted,,,,,
14147,Accepted,,,,,
14148,Accepted,,,,,
14149,Accepted,,,,,
14150,Accepted,,,,,
14151,Accepted,,,,,
14152,Accepted,,,,,
14153,Accepted,,,,,
14154,Accepted,,,,,
14155,Accepted,,,,,
14156,Accepted,,,,,
14157,Accepted,,,,,
14158,Accepted,,,,,
14159,Accepted,,,,,
14160,Accepted,,,,,
14161,Accepted,,,,,
14162,Accepted,,,,,
14163,Accepted,,,,,
14164,Accepted,,,,,
14165,Accepted,,,,,
14166,Accepted,,,,,
14167,Accepted,,,,,
14168,Accepted,,,,,
14169,Accepted,,,,,
14170,Accepted,,,,,
14171,Accepted,,,,,
14172,Accepted,,,,,
14173,Accepted,,,,,
14174,Accepted,,,,,
14175,Accepted,,,,,
14176,Accepted,,,,,
14177,Accepted,,,,,
14178,Accepted,,,,,
14179,Accepted,,,,,
14180,Accepted,,,,,
14181,Accepted,,,,,
14182,Accepted,,,,,
14183,Accepted,,,,,
14184,Accepted,,,,,
14185,Accepted,,,,,
14186,Accepted,,,,,
14187,Accepted,,,,,
14188,Accepted,,,,,
14189,Accepted,,,,,
14190,Accepted,,,,,
14191,Accepted,,,,,
14192,Accepted,,,,,
14193,Accepted,,,,,
14194,Accepted,,,,,
14195,Accepted,,,,,
14196,Accepted,,,,,
14197,Accepted,,,,,
14198,Accepted,,,,,
14199,Accepted,,,,,
14200,Accepted,,,,,
14201,Accepted,,,,,
14202,Accepted,,,,,
14203,Accepted,,,,,
14204,Accepted,,,,,
14205,Accepted,,,,,
14206,Accepted,,,,,
14207,Accepted,,,,,
14208,Accepted,,,,,
14209,Accepted,,,,,
14210,Accepted,,,,,
14211,Accepted,,,,,
14212,Accepted,,,,,
14213,Accepted,,,,,
14214,Accepted,,,,,
14215,Accepted,,,,,
14216,Accepted,,,,,
14217,Accepted,,,,,
14218,Accepted,,,,,
14219,Accepted,,,,,
14220,Accepted,,,,,
14221,Accepted,,,,,
14222,Accepted,,,,,
14223,Accepted,,,,,
14224,Accepted,,,,,
14225,Accepted,,,,,
14226,Accepted,,,,,
14227,Accepted,,,,,
14228,Accepted,,,,,
14229,Accepted,,,,,
14230,Accepted,,,,,
14231,Accepted,,,,,
14232,Accepted,,,,,
14233,Accepted,,,,,
14234,Accepted,,,,,
14235,Accepted,,,,,
14236,Accepted,,,,,
14237,Accepted,,,,,
14238,Accepted,,,,,
14239,Accepted,,,,,
14240,Accepted,,,,,
14241,Accepted,,,,,
14242,Accepted,,,,,
14243,Accepted,,,,,
14244,Accepted,,,,,
14245,Accepted,,,,,
14246,Accepted,,,,,
14247,Accepted,,,,,
14248,Accepted,,,,,
14249,Accepted,,,,,
14250,Accepted,,,,,
14251,Accepted,,,,,
14252,Accepted,,,,,
14253,Accepted,,,,,
14254,Accepted,,,,,
14255,Accepted,,,,,
14256,Accepted,,,,,
14257,Accepted,,,,,
14258,Accepted,,,,,
14259,Accepted,,,,,
14260,Accepted,,,,,
14261,Accepted,,,,,
14262,Accepted,,,,,
14263,Accepted,,,,,
14264,Accepted,,,,,
14265,Accepted,,,,,
14266,Accepted,,,,,
14267,Accepted,,,,,
14268,Accepted,,,,,
14269,Accepted,,,,,
14270,Accepted,,,,,
14271,Accepted,,,,,
14272,Accepted,,,,,
14273,Accepted,,,,,
14274,Accepted,,,,,
14275,Accepted,,,,,
14276,Accepted,,,,,
14277,Accepted,,,,,
14278,Accepted,,,,,
14279,Accepted,,,,,
14280,Accepted,,,,,
14281,Accepted,,,,,
14282,Accepted,,,,,
14283,Accepted,,,,,
14284,Accepted,,,,,
14285,Accepted,,,,,
14286,Accepted,,,,,
14287,Accepted,,,,,
14288,Accepted,,,,,
14289,Accepted,,,,,
14290,Accepted,,,,,
14291,Accepted,,,,,
14292,Accepted,,,,,
14293,Accepted,,,,,
14294,Accepted,,,,,
14295,Accepted,,,,,
14296,Accepted,,,,,
14297,Accepted,,,,,
14298,Accepted,,,,,
14299,Accepted,,,,,
14300,Accepted,,,,,
14301,Accepted,,,,,
14302,Accepted,,,,,
14303,Accepted,,,,,
14304,Accepted,,,,,
14305,Accepted,,,,,
14306,Accepted,,,,,
14307,Accepted,,,,,
14308,Accepted,,,,,
14309,Accepted,,,,,
14310,Accepted,,,,,
14311,Accepted,,,,,
14312,Accepted,,,,,
14313,Accepted,,,,,
14314,Accepted,,,,,
14315,Accepted,,,,,
14316,Accepted,,,,,
14317,Accepted,,,,,
14318,Accepted,,,,,
14319,Accepted,,,,,
14320,Accepted,,,,,
14321,Accepted,,,,,
14322,Accepted,,,,,
14323,Accepted,,,,,
14324,Accepted,,,,,
14325,Accepted,,,,,
14326,Accepted,,,,,
14327,Accepted,,,,,
14328,Accepted,,,,,
14329,Accepted,,,,,
14330,Accepted,,,,,
14331,Accepted,,,,,
14332,Accepted,,,,,
14333,Accepted,,,,,
14334,Accepted,,,,,
14335,Accepted,,,,,
14336,Accepted,,,,,
14337,Accepted,,,,,
14338,Accepted,,,,,
14339,Accepted,,,,,
14340,Accepted,,,,,
14341,Accepted,,,,,
14342,Accepted,,,,,
14343,Accepted,,,,,
14344,Accepted,,,,,
14345,Accepted,,,,,
14346,Accepted,,,,,
14347,Accepted,,,,,
14348,Accepted,,,,,
14349,Accepted,,,,,
14350,Accepted,,,,,
14351,Accepted,,,,,
14352,Accepted,,,,,
14353,Accepted,,,,,
14354,Accepted,,,,,
14355,Accepted,,,,,
14356,Accepted,,,,,
14357,Accepted,,,,,
14358,Accepted,,,,,
14359,Accepted,,,,,
14360,Accepted,,,,,
14361,Accepted,,,,,
14362,Accepted,,,,,
14363,Accepted,,,,,
14364,Accepted,,,,,
14365,Accepted,,,,,
14366,Accepted,,,,,
14367,Accepted,,,,,
14368,Accepted,,,,,
14369,Accepted,,,,,
14370,Accepted,,,,,
14371,Accepted,,,,,
14372,Accepted,,,,,
14373,Accepted,,,,,
14374,Accepted,,,,,
14375,Accepted,,,,,
14376,Accepted,,,,,
14377,Accepted,,,,,
14378,Accepted,,,,,
14379,Accepted,,,,,
14380,Accepted,,,,,
14381,Accepted,,,,,
14382,Accepted,,,,,
14383,Accepted,,,,,
14384,Accepted,,,,,
14385,Accepted,,,,,
14386,Accepted,,,,,
14387,Accepted,,,,,
14388,Accepted,,,,,
14389,Accepted,,,,,
14390,Accepted,,,,,
14391,Accepted,,,,,
14392,Accepted,,,,,
14393,Accepted,,,,,
14394,Accepted,,,,,
14395,Accepted,,,,,
14396,Accepted,,,,,
14397,Accepted,,,,,
14398,Accepted,,,,,
14399,Accepted,,,,,
14400,Accepted,,,,,
14401,Accepted,,,,,
14402,Accepted,,,,,
14403,Accepted,,,,,
14404,Accepted,,,,,
14405,Accepted,,,,,
14406,Accepted,,,,,
14407,Accepted,,,,,
14408,Accepted,,,,,
14409,Accepted,,,,,
14410,Accepted,,,,,
14411,Accepted,,,,,
14412,Accepted,,,,,
14413,Accepted,,,,,
14414,Accepted,,,,,
14415,Accepted,,,,,
14416,Accepted,,,,,
14417,Accepted,,,,,
14418,Accepted,,,,,
14419,Accepted,,,,,
14420,Accepted,,,,,
14421,Accepted,,,,,
14422,Accepted,,,,,
14423,Accepted,,,,,
14424,Accepted,,,,,
14425,Accepted,,,,,
14426,Accepted,,,,,
14427,Accepted,,,,,
14428,Accepted,,,,,
14429,Accepted,,,,,
14430,Accepted,,,,,
14431,Accepted,,,,,
14432,Accepted,,,,,
14433,Accepted,,,,,
14434,Accepted,,,,,
14435,Accepted,,,,,
14436,Accepted,,,,,
14437,Accepted,,,,,
14438,Accepted,,,,,
14439,Accepted,,,,,
14440,Accepted,,,,,
14441,Accepted,,,,,
14442,Accepted,,,,,
14443,Accepted,,,,,
14444,Accepted,,,,,
14445,Accepted,,,,,
14446,Accepted,,,,,
14447,Accepted,,,,,
14448,Accepted,,,,,
14449,Accepted,,,,,
14450,Accepted,,,,,
14451,Accepted,,,,,
14452,Accepted,,,,,
14453,Accepted,,,,,
14454,Accepted,,,,,
14455,Accepted,,,,,
14456,Accepted,,,,,
14457,Accepted,,,,,
14458,Accepted,,,,,
14459,Accepted,,,,,
14460,Accepted,,,,,
14461,Accepted,,,,,
14462,Accepted,,,,,
14463,Accepted,,,,,
14464,Accepted,,,,,
14465,Accepted,,,,,
14466,Accepted,,,,,
14467,Accepted,,,,,
14468,Accepted,,,,,
14469,Accepted,,,,,
14470,Accepted,,,,,
14471,Accepted,,,,,
14472,Accepted,,,,,
14473,Accepted,,,,,
14474,Accepted,,,,,
14475,Accepted,,,,,
14476,Accepted,,,,,
14477,Accepted,,,,,
14478,Accepted,,,,,
14479,Accepted,,,,,
14480,Accepted,,,,,
14481,Accepted,,,,,
14482,Accepted,,,,,
14483,Accepted,,,,,
14484,Accepted,,,,,
14485,Accepted,,,,,
14486,Accepted,,,,,
14487,Accepted,,,,,
14488,Accepted,,,,,
14489,Accepted,,,,,
14490,Accepted,,,,,
14491,Accepted,,,,,
14492,Accepted,,,,,
14493,Accepted,,,,,
14494,Accepted,,,,,
14495,Accepted,,,,,
14496,Accepted,,,,,
14497,Accepted,,,,,
14498,Accepted,,,,,
14499,Accepted,,,,,
14500,Accepted,,,,,
14501,Accepted,,,,,
14502,Accepted,,,,,
14503,Accepted,,,,,
14504,Accepted,,,,,
14505,Accepted,,,,,
14506,Accepted,,,,,
14507,Accepted,,,,,
14508,Accepted,,,,,
14509,Accepted,,,,,
14510,Accepted,,,,,
14511,Accepted,,,,,
14512,Accepted,,,,,
14513,Accepted,,,,,
14514,Accepted,,,,,
14515,Accepted,,,,,
14516,Accepted,,,,,
14517,Accepted,,,,,
14518,Accepted,,,,,
14519,Accepted,,,,,
14520,Accepted,,,,,
14521,Accepted,,,,,
14522,Accepted,,,,,
14523,Accepted,,,,,
14524,Accepted,,,,,
14525,Accepted,,,,,
14526,Accepted,,,,,
14527,Accepted,,,,,
14528,Accepted,,,,,
14529,Accepted,,,,,
14530,Accepted,,,,,
14531,Accepted,,,,,
14532,Accepted,,,,,
14533,Accepted,,,,,
14534,Accepted,,,,,
14535,Accepted,,,,,
14536,Accepted,,,,,
14537,Accepted,,,,,
14538,Accepted,,,,,
14539,Accepted,,,,,
14540,Accepted,,,,,
14541,Accepted,,,,,
14542,Accepted,,,,,
14543,Accepted,,,,,
14544,Accepted,,,,,
14545,Accepted,,,,,
14546,Accepted,,,,,
14547,Accepted,,,,,
14548,Accepted,,,,,
14549,Accepted,,,,,
14550,Accepted,,,,,
14551,Accepted,,,,,
14552,Accepted,,,,,
14553,Accepted,,,,,
14554,Accepted,,,,,
14555,Accepted,,,,,
14556,Accepted,,,,,
14557,Accepted,,,,,
14558,Accepted,,,,,
14559,Accepted,,,,,
14560,Accepted,,,,,
14561,Accepted,,,,,
14562,Accepted,,,,,
14563,Accepted,,,,,
14564,Accepted,,,,,
14565,Accepted,,,,,
14566,Accepted,,,,,
14567,Accepted,,,,,
14568,Accepted,,,,,
14569,Accepted,,,,,
14570,Accepted,,,,,
14571,Accepted,,,,,
14572,Accepted,,,,,
14573,Accepted,,,,,
14574,Accepted,,,,,
14575,Accepted,,,,,
14576,Accepted,,,,,
14577,Accepted,,,,,
14578,Accepted,,,,,
14579,Accepted,,,,,
14580,Accepted,,,,,
14581,Accepted,,,,,
14582,Accepted,,,,,
14583,Accepted,,,,,
14584,Accepted,,,,,
14585,Accepted,,,,,
14586,Accepted,,,,,
14587,Accepted,,,,,
14588,Accepted,,,,,
14589,Accepted,,,,,
14590,Accepted,,,,,
14591,Accepted,,,,,
14592,Accepted,,,,,
14593,Accepted,,,,,
14594,Accepted,,,,,
14595,Accepted,,,,,
14596,Accepted,,,,,
14597,Accepted,,,,,
14598,Accepted,,,,,
14599,Accepted,,,,,
14600,Accepted,,,,,
14601,Accepted,,,,,
14602,Accepted,,,,,
14603,Accepted,,,,,
14604,Accepted,,,,,
14605,Accepted,,,,,
14606,Accepted,,,,,
14607,Accepted,,,,,
14608,Accepted,,,,,
14609,Accepted,,,,,
14610,Accepted,,,,,
14611,Accepted,,,,,
14612,Accepted,,,,,
14613,Accepted,,,,,
14614,Accepted,,,,,
14615,Accepted,,,,,
14616,Accepted,,,,,
14617,Accepted,,,,,
14618,Accepted,,,,,
14619,Accepted,,,,,
14620,Accepted,,,,,
14621,Accepted,,,,,
14622,Accepted,,,,,
14623,Accepted,,,,,
14624,Accepted,,,,,
14625,Accepted,,,,,
14626,Accepted,,,,,
14627,Accepted,,,,,
14628,Accepted,,,,,
14629,Accepted,,,,,
14630,Accepted,,,,,
14631,Accepted,,,,,
14632,Accepted,,,,,
14633,Accepted,,,,,
14634,Accepted,,,,,
14635,Accepted,,,,,
14636,Accepted,,,,,
14637,Accepted,,,,,
14638,Accepted,,,,,
14639,Accepted,,,,,
14640,Accepted,,,,,
14641,Accepted,,,,,
14642,Accepted,,,,,
14643,Accepted,,,,,
14644,Accepted,,,,,
14645,Accepted,,,,,
14646,Accepted,,,,,
14647,Accepted,,,,,
14648,Accepted,,,,,
14649,Accepted,,,,,
14650,Accepted,,,,,
14651,Accepted,,,,,
14652,Accepted,,,,,
14653,Accepted,,,,,
14654,Accepted,,,,,
14655,Accepted,,,,,
14656,Accepted,,,,,
14657,Accepted,,,,,
14658,Accepted,,,,,
14659,Accepted,,,,,
14660,Accepted,,,,,
14661,Accepted,,,,,
14662,Accepted,,,,,
14663,Accepted,,,,,
14664,Accepted,,,,,
14665,Accepted,,,,,
14666,Accepted,,,,,
14667,Accepted,,,,,
14668,Accepted,,,,,
14669,Accepted,,,,,
14670,Accepted,,,,,
14671,Accepted,,,,,
14672,Accepted,,,,,
14673,Accepted,,,,,
14674,Accepted,,,,,
14675,Accepted,,,,,
14676,Accepted,,,,,
14677,Accepted,,,,,
14678,Accepted,,,,,
14679,Accepted,,,,,
14680,Accepted,,,,,
14681,Accepted,,,,,
14682,Accepted,,,,,
14683,Accepted,,,,,
14684,Accepted,,,,,
14685,Accepted,,,,,
14686,Accepted,,,,,
14687,Accepted,,,,,
14688,Accepted,,,,,
14689,Accepted,,,,,
14690,Accepted,,,,,
14691,Accepted,,,,,
14692,Accepted,,,,,
14693,Accepted,,,,,
14694,Accepted,,,,,
14695,Accepted,,,,,
14696,Accepted,,,,,
14697,Accepted,,,,,
14698,Accepted,,,,,
14699,Accepted,,,,,
14700,Accepted,,,,,
14701,Accepted,,,,,
14702,Accepted,,,,,
14703,Accepted,,,,,
14704,Accepted,,,,,
14705,Accepted,,,,,
14706,Accepted,,,,,
14707,Accepted,,,,,
14708,Accepted,,,,,
14709,Accepted,,,,,
14710,Accepted,,,,,
14711,Accepted,,,,,
14712,Accepted,,,,,
14713,Accepted,,,,,
14714,Accepted,,,,,
14715,Accepted,,,,,
14716,Accepted,,,,,
14717,Accepted,,,,,
14718,Accepted,,,,,
14719,Accepted,,,,,
14720,Accepted,,,,,
14721,Accepted,,,,,
14722,Accepted,,,,,
14723,Accepted,,,,,
14724,Accepted,,,,,
14725,Accepted,,,,,
14726,Accepted,,,,,
14727,Accepted,,,,,
14728,Accepted,,,,,
14729,Accepted,,,,,
14730,Accepted,,,,,
14731,Accepted,,,,,
14732,Accepted,,,,,
14733,Accepted,,,,,
14734,Accepted,,,,,
14735,Accepted,,,,,
14736,Accepted,,,,,
14737,Accepted,,,,,
14738,Accepted,,,,,
14739,Accepted,,,,,
14740,Accepted,,,,,
14741,Accepted,,,,,
14742,Accepted,,,,,
14743,Accepted,,,,,
14744,Accepted,,,,,
14745,Accepted,,,,,
14746,Accepted,,,,,
14747,Accepted,,,,,
14748,Accepted,,,,,
14749,Accepted,,,,,
14750,Accepted,,,,,
14751,Accepted,,,,,
14752,Accepted,,,,,
14753,Accepted,,,,,
14754,Accepted,,,,,
14755,Accepted,,,,,
14756,Accepted,,,,,
14757,Accepted,,,,,
14758,Accepted,,,,,
14759,Accepted,,,,,
14760,Accepted,,,,,
14761,Accepted,,,,,
14762,Accepted,,,,,
14763,Accepted,,,,,
14764,Accepted,,,,,
14765,Accepted,,,,,
14766,Accepted,,,,,
14767,Accepted,,,,,
14768,Accepted,,,,,
14769,Accepted,,,,,
14770,Accepted,,,,,
14771,Accepted,,,,,
14772,Accepted,,,,,
14773,Accepted,,,,,
14774,Accepted,,,,,
14775,Accepted,,,,,
14776,Accepted,,,,,
14777,Accepted,,,,,
14778,Accepted,,,,,
14779,Accepted,,,,,
14780,Accepted,,,,,
14781,Accepted,,,,,
14782,Accepted,,,,,
14783,Accepted,,,,,
14784,Accepted,,,,,
14785,Accepted,,,,,
14786,Accepted,,,,,
14787,Accepted,,,,,
14788,Accepted,,,,,
14789,Accepted,,,,,
14790,Accepted,,,,,
14791,Accepted,,,,,
14792,Accepted,,,,,
14793,Accepted,,,,,
14794,Accepted,,,,,
14795,Accepted,,,,,
14796,Accepted,,,,,
14797,Accepted,,,,,
14798,Accepted,,,,,
14799,Accepted,,,,,
14800,Accepted,,,,,
14801,Accepted,,,,,
14802,Accepted,,,,,
14803,Accepted,,,,,
14804,Accepted,,,,,
14805,Accepted,,,,,
14806,Accepted,,,,,
14807,Accepted,,,,,
14808,Accepted,,,,,
14809,Accepted,,,,,
14810,Accepted,,,,,
14811,Accepted,,,,,
14812,Accepted,,,,,
14813,Accepted,,,,,
14814,Accepted,,,,,
14815,Accepted,,,,,
14816,Accepted,,,,,
14817,Accepted,,,,,
14818,Accepted,,,,,
14819,Accepted,,,,,
14820,Accepted,,,,,
14821,Accepted,,,,,
14822,Accepted,,,,,
14823,Accepted,,,,,
14824,Accepted,,,,,
14825,Accepted,,,,,
14826,Accepted,,,,,
14827,Accepted,,,,,
14828,Accepted,,,,,
14829,Accepted,,,,,
14830,Accepted,,,,,
14831,Accepted,,,,,
14832,Accepted,,,,,
14833,Accepted,,,,,
14834,Accepted,,,,,
14835,Accepted,,,,,
14836,Accepted,,,,,
14837,Accepted,,,,,
14838,Accepted,,,,,
14839,Accepted,,,,,
14840,Accepted,,,,,
14841,Accepted,,,,,
14842,Accepted,,,,,
14843,Accepted,,,,,
14844,Accepted,,,,,
14845,Accepted,,,,,
14846,Accepted,,,,,
14847,Accepted,,,,,
14848,Accepted,,,,,
14849,Accepted,,,,,
14850,Accepted,,,,,
14851,Accepted,,,,,
14852,Accepted,,,,,
14853,Accepted,,,,,
14854,Accepted,,,,,
14855,Accepted,,,,,
14856,Accepted,,,,,
14857,Accepted,,,,,
14858,Accepted,,,,,
14859,Accepted,,,,,
14860,Accepted,,,,,
14861,Accepted,,,,,
14862,Accepted,,,,,
14863,Accepted,,,,,
14864,Accepted,,,,,
14865,Accepted,,,,,
14866,Accepted,,,,,
14867,Accepted,,,,,
14868,Accepted,,,,,
14869,Accepted,,,,,
14870,Accepted,,,,,
14871,Accepted,,,,,
14872,Accepted,,,,,
14873,Accepted,,,,,
14874,Accepted,,,,,
14875,Accepted,,,,,
14876,Accepted,,,,,
14877,Accepted,,,,,
14878,Accepted,,,,,
14879,Accepted,,,,,
14880,Accepted,,,,,
14881,Accepted,,,,,
14882,Accepted,,,,,
14883,Accepted,,,,,
14884,Accepted,,,,,
14885,Accepted,,,,,
14886,Accepted,,,,,
14887,Accepted,,,,,
14888,Accepted,,,,,
14889,Accepted,,,,,
14890,Accepted,,,,,
14891,Accepted,,,,,
14892,Accepted,,,,,
14893,Accepted,,,,,
14894,Accepted,,,,,
14895,Accepted,,,,,
14896,Accepted,,,,,
14897,Accepted,,,,,
14898,Accepted,,,,,
14899,Accepted,,,,,
14900,Accepted,,,,,
14901,Accepted,,,,,
14902,Accepted,,,,,
14903,Accepted,,,,,
14904,Accepted,,,,,
14905,Accepted,,,,,
14906,Accepted,,,,,
14907,Accepted,,,,,
14908,Accepted,,,,,
14909,Accepted,,,,,
14910,Accepted,,,,,
14911,Accepted,,,,,
14912,Accepted,,,,,
14913,Accepted,,,,,
14914,Accepted,,,,,
14915,Accepted,,,,,
14916,Accepted,,,,,
14917,Accepted,,,,,
14918,Accepted,,,,,
14919,Accepted,,,,,
14920,Accepted,,,,,
14921,Accepted,,,,,
14922,Accepted,,,,,
14923,Accepted,,,,,
14924,Accepted,,,,,
14925,Accepted,,,,,
14926,Accepted,,,,,
14927,Accepted,,,,,
14928,Accepted,,,,,
14929,Accepted,,,,,
14930,Accepted,,,,,
14931,Accepted,,,,,
14932,Accepted,,,,,
14933,Accepted,,,,,
14934,Accepted,,,,,
14935,Accepted,,,,,
14936,Accepted,,,,,
14937,Accepted,,,,,
14938,Accepted,,,,,
14939,Accepted,,,,,
14940,Accepted,,,,,
14941,Accepted,,,,,
14942,Accepted,,,,,
14943,Accepted,,,,,
14944,Accepted,,,,,
14945,Accepted,,,,,
14946,Accepted,,,,,
14947,Accepted,,,,,
14948,Accepted,,,,,
14949,Accepted,,,,,
14950,Accepted,,,,,
14951,Accepted,,,,,
14952,Accepted,,,,,
14953,Accepted,,,,,
14954,Accepted,,,,,
14955,Accepted,,,,,
14956,Accepted,,,,,
14957,Accepted,,,,,
14958,Accepted,,,,,
14959,Accepted,,,,,
14960,Accepted,,,,,
14961,Accepted,,,,,
14962,Accepted,,,,,
14963,Accepted,,,,,
14964,Accepted,,,,,
14965,Accepted,,,,,
14966,Accepted,,,,,
14967,Accepted,,,,,
14968,Accepted,,,,,
14969,Accepted,,,,,
14970,Accepted,,,,,
14971,Accepted,,,,,
14972,Accepted,,,,,
14973,Accepted,,,,,
14974,Accepted,,,,,
14975,Accepted,,,,,
14976,Accepted,,,,,
14977,Accepted,,,,,
14978,Accepted,,,,,
14979,Accepted,,,,,
14980,Accepted,,,,,
14981,Accepted,,,,,
14982,Accepted,,,,,
14983,Accepted,,,,,
14984,Accepted,,,,,
14985,Accepted,,,,,
14986,Accepted,,,,,
14987,Accepted,,,,,
14988,Accepted,,,,,
14989,Accepted,,,,,
14990,Accepted,,,,,
14991,Accepted,,,,,
14992,Accepted,,,,,
14993,Accepted,,,,,
14994,Accepted,,,,,
14995,Accepted,,,,,
14996,Accepted,,,,,
14997,Accepted,,,,,
14998,Accepted,,,,,
14999,Accepted,,,,,
15000,Accepted,,,,,
15001,Accepted,,,,,
15002,Accepted,,,,,
15003,Accepted,,,,,
15004,Accepted,,,,,
15005,Accepted,,,,,
15006,Accepted,,,,,
15007,Accepted,,,,,
15008,Accepted,,,,,
15009,Accepted,,,,,
15010,Accepted,,,,,
15011,Accepted,,,,,
15012,Accepted,,,,,
15013,Accepted,,,,,
15014,Accepted,,,,,
15015,Accepted,,,,,
15016,Accepted,,,,,
15017,Accepted,,,,,
15018,Accepted,,,,,
15019,Accepted,,,,,
15020,Accepted,,,,,
15021,Accepted,,,,,
15022,Accepted,,,,,
15023,Accepted,,,,,
15024,Accepted,,,,,
15025,Accepted,,,,,
15026,Accepted,,,,,
15027,Accepted,,,,,
15028,Accepted,,,,,
15029,Accepted,,,,,
15030,Accepted,,,,,
15031,Accepted,,,,,
15032,Accepted,,,,,
15033,Accepted,,,,,
15034,Accepted,,,,,
15035,Accepted,,,,,
15036,Accepted,,,,,
15037,Accepted,,,,,
15038,Accepted,,,,,
15039,Accepted,,,,,
15040,Accepted,,,,,
15041,Accepted,,,,,
15042,Accepted,,,,,
15043,Accepted,,,,,
15044,Accepted,,,,,
15045,Accepted,,,,,
15046,Accepted,,,,,
15047,Accepted,,,,,
15048,Accepted,,,,,
15049,Accepted,,,,,
15050,Accepted,,,,,
15051,Accepted,,,,,
15052,Accepted,,,,,
15053,Accepted,,,,,
15054,Accepted,,,,,
15055,Accepted,,,,,
15056,Accepted,,,,,
15057,Accepted,,,,,
15058,Accepted,,,,,
15059,Accepted,,,,,
15060,Accepted,,,,,
15061,Accepted,,,,,
15062,Accepted,,,,,
15063,Accepted,,,,,
15064,Accepted,ID,ID-02-FMT,IdNumber,"ID number format is invalid for the specified ID type. Check the format requirements for PAN, Aadhaar, or Passport as applicable.",RejectSegment
15065,Accepted,,,,,
15066,Accepted,,,,,
15067,Accepted,,,,,
15068,Accepted,,,,,
15069,Accepted,,,,,
15070,Accepted,,,,,
15071,Accepted,,,,,
15072,Accepted,,,,,
15073,Accepted,,,,,
15074,Accepted,,,,,
15075,Accepted,,,,,
15076,Accepted,,,,,
15077,Accepted,,,,,
15078,Accepted,,,,,
15079,Accepted,,,,,
15080,Accepted,,,,,
15081,Accepted,,,,,
15082,Accepted,,,,,
15083,Accepted,,,,,
15084,Accepted,,,,,
15085,Accepted,,,,,
15086,Accepted,,,,,
15087,Accepted,,,,,
15088,Accepted,,,,,
15089,Accepted,,,,,
15090,Accepted,,,,,
15091,Accepted,,,,,
15092,Accepted,,,,,
15093,Accepted,,,,,
15094,Accepted,,,,,
15095,Accepted,,,,,
15096,Accepted,,,,,
15097,Accepted,,,,,
15098,Accepted,,,,,
15099,Accepted,,,,,
15100,Accepted,,,,,
15101,Accepted,,,,,
15102,Accepted,,,,,
15103,Accepted,,,,,
15104,Accepted,,,,,
15105,Accepted,,,,,
15106,Accepted,,,,,
15107,Accepted,,,,,
15108,Accepted,,,,,
15109,Accepted,,,,,
15110,Accepted,,,,,
15111,Accepted,,,,,
15112,Accepted,,,,,
15113,Accepted,,,,,
15114,Accepted,,,,,
15115,Accepted,,,,,
15116,Accepted,,,,,
15117,Accepted,,,,,
15118,Accepted,,,,,
15119,Accepted,,,,,
15120,Accepted,,,,,
15121,Accepted,,,,,
15122,Accepted,,,,,
15123,Accepted,,,,,
15124,Accepted,,,,,
15125,Accepted,,,,,
15126,Accepted,,,,,
15127,Accepted,,,,,
15128,Accepted,,,,,
15129,Accepted,,,,,
15130,Accepted,,,,,
15131,Accepted,,,,,
15132,Accepted,,,,,
15133,Accepted,,,,,
15134,Accepted,,,,,
15135,Accepted,,,,,
15136,Accepted,,,,,
15137,Accepted,,,,,
15138,Accepted,,,,,
15139,Accepted,,,,,
15140,Accepted,,,,,
15141,Accepted,,,,,
15142,Accepted,,,,,
15143,Accepted,,,,,
15144,Accepted,,,,,
15145,Accepted,,,,,
15146,Accepted,,,,,
15147,Accepted,,,,,
15148,Accepted,,,,,
15149,Accepted,,,,,
15150,Accepted,,,,,
15151,Accepted,,,,,
15152,Accepted,,,,,
15153,Accepted,,,,,
15154,Accepted,,,,,
15155,Accepted,,,,,
15156,Accepted,,,,,
15157,Accepted,,,,,
15158,Accepted,,,,,
15159,Accepted,,,,,
15160,Accepted,,,,,
15161,Accepted,,,,,
15162,Accepted,,,,,
15163,Accepted,,,,,
15164,Accepted,,,,,
15165,Accepted,,,,,
15166,Accepted,,,,,
15167,Accepted,,,,,
15168,Accepted,,,,,
15169,Accepted,,,,,
15170,Accepted,,,,,
15171,Accepted,,,,,
15172,Accepted,,,,,
15173,Accepted,,,,,
15174,Accepted,,,,,
15175,Accepted,,,,,
15176,Accepted,,,,,
15177,Accepted,,,,,
15178,Accepted,,,,,
15179,Accepted,,,,,
15180,Accepted,,,,,
15181,Accepted,,,,,
15182,Accepted,,,,,
15183,Accepted,,,,,
15184,Accepted,,,,,
15185,Accepted,,,,,
15186,Accepted,,,,,
15187,Accepted,,,,,
15188,Accepted,,,,,
15189,Accepted,,,,,
15190,Accepted,,,,,
15191,Accepted,,,,,
15192,Accepted,,,,,
15193,Accepted,,,,,
15194,Accepted,,,,,
15195,Accepted,,,,,
15196,Accepted,,,,,
15197,Accepted,,,,,
15198,Accepted,,,,,
15199,Accepted,,,,,
15200,Accepted,,,,,
15201,Accepted,,,,,
15202,Accepted,,,,,
15203,Accepted,,,,,
15204,Accepted,,,,,
15205,Accepted,,,,,
15206,Accepted,,,,,
15207,Accepted,,,,,
15208,Accepted,,,,,
15209,Accepted,,,,,
15210,Accepted,,,,,
15211,Accepted,,,,,
15212,Accepted,,,,,
15213,Accepted,,,,,
15214,Accepted,,,,,
15215,Accepted,,,,,
15216,Accepted,,,,,
15217,Accepted,,,,,
15218,Accepted,,,,,
15219,Accepted,,,,,
15220,Accepted,,,,,
15221,Accepted,,,,,
15222,Accepted,,,,,
15223,Accepted,,,,,
15224,Accepted,,,,,
15225,Accepted,,,,,
15226,Accepted,,,,,
15227,Accepted,,,,,
15228,Accepted,,,,,
15229,Accepted,,,,,
15230,Accepted,,,,,
15231,Accepted,,,,,
15232,Accepted,,,,,
15233,Accepted,,,,,
15234,Accepted,,,,,
15235,Accepted,,,,,
15236,Accepted,,,,,
15237,Accepted,,,,,
15238,Accepted,,,,,
15239,Accepted,,,,,
15240,Accepted,,,,,
15241,Accepted,,,,,
15242,Accepted,,,,,
15243,Accepted,,,,,
15244,Accepted,,,,,
15245,Accepted,,,,,
15246,Accepted,,,,,
15247,Accepted,,,,,
15248,Accepted,,,,,
15249,Accepted,,,,,
15250,Accepted,,,,,
15251,Accepted,,,,,
15252,Accepted,,,,,
15253,Accepted,,,,,
15254,Accepted,,,,,
15255,Accepted,,,,,
15256,Accepted,,,,,
15257,Accepted,,,,,
15258,Accepted,,,,,
15259,Accepted,,,,,
15260,Accepted,,,,,
15261,Accepted,,,,,
15262,Accepted,,,,,
15263,Accepted,,,,,
15264,Accepted,,,,,
15265,Accepted,,,,,
15266,Accepted,,,,,
15267,Accepted,,,,,
15268,Accepted,,,,,
15269,Accepted,,,,,
15270,Accepted,,,,,
15271,Accepted,,,,,
15272,Accepted,,,,,
15273,Accepted,,,,,
15274,Accepted,,,,,
15275,Accepted,,,,,
15276,Accepted,,,,,
15277,Accepted,,,,,
15278,Accepted,,,,,
15279,Accepted,,,,,
15280,Accepted,,,,,
15281,Accepted,,,,,
15282,Accepted,,,,,
15283,Accepted,,,,,
15284,Accepted,,,,,
15285,Accepted,,,,,
15286,Accepted,,,,,
15287,Accepted,,,,,
15288,Accepted,,,,,
15289,Accepted,,,,,
15290,Accepted,,,,,
15291,Accepted,,,,,
15292,Accepted,,,,,
15293,Accepted,,,,,
15294,Accepted,,,,,
15295,Accepted,,,,,
15296,Accepted,,,,,
15297,Accepted,,,,,
15298,Accepted,,,,,
15299,Accepted,,,,,
15300,Accepted,,,,,
15301,Accepted,,,,,
15302,Accepted,,,,,
15303,Accepted,,,,,
15304,Accepted,,,,,
15305,Accepted,,,,,
15306,Accepted,,,,,
15307,Accepted,,,,,
15308,Accepted,,,,,
15309,Accepted,,,,,
15310,Accepted,,,,,
15311,Accepted,,,,,
15312,Accepted,,,,,
15313,Accepted,,,,,
15314,Accepted,,,,,
15315,Accepted,,,,,
15316,Accepted,,,,,
15317,Accepted,,,,,
15318,Accepted,,,,,
15319,Accepted,,,,,
15320,Accepted,,,,,
15321,Accepted,,,,,
15322,Accepted,,,,,
15323,Accepted,,,,,
15324,Accepted,,,,,
15325,Accepted,,,,,
15326,Accepted,,,,,
15327,Accepted,,,,,
15328,Accepted,,,,,
15329,Accepted,,,,,
15330,Accepted,,,,,
15331,Accepted,,,,,
15332,Accepted,,,,,
15333,Accepted,,,,,
15334,Accepted,,,,,
15335,Accepted,,,,,
15336,Accepted,,,,,
15337,Accepted,,,,,
15338,Accepted,,,,,
15339,Accepted,,,,,
15340,Accepted,,,,,
15341,Accepted,,,,,
15342,Accepted,,,,,
15343,Accepted,,,,,
15344,Accepted,,,,,
15345,Accepted,,,,,
15346,Accepted,,,,,
15347,Accepted,,,,,
15348,Accepted,,,,,
15349,Accepted,,,,,
15350,Accepted,,,,,
15351,Accepted,,,,,
15352,Accepted,,,,,
15353,Accepted,,,,,
15354,Accepted,,,,,
15355,Accepted,,,,,
15356,Accepted,,,,,
15357,Accepted,,,,,
15358,Accepted,,,,,
15359,Accepted,,,,,
15360,Accepted,,,,,
15361,Accepted,,,,,
15362,Accepted,,,,,
15363,Accepted,,,,,
15364,Accepted,,,,,
15365,Accepted,,,,,
15366,Accepted,,,,,
15367,Accepted,,,,,
15368,Accepted,,,,,
15369,Accepted,,,,,
15370,Accepted,,,,,
15371,Accepted,,,,,
15372,Accepted,,,,,
15373,Accepted,,,,,
15374,Accepted,,,,,
15375,Accepted,,,,,
15376,Accepted,,,,,
15377,Accepted,,,,,
15378,Accepted,,,,,
15379,Accepted,,,,,
15380,Accepted,,,,,
15381,Accepted,,,,,
15382,Accepted,,,,,
15383,Accepted,,,,,
15384,Accepted,,,,,
15385,Accepted,,,,,
15386,Accepted,,,,,
15387,Accepted,,,,,
15388,Accepted,,,,,
15389,Accepted,,,,,
15390,Accepted,,,,,
15391,Accepted,,,,,
15392,Accepted,,,,,
15393,Accepted,,,,,
15394,Accepted,,,,,
15395,Accepted,,,,,
15396,Accepted,,,,,
15397,Accepted,,,,,
15398,Accepted,,,,,
15399,Accepted,,,,,
15400,Accepted,,,,,
15401,Accepted,,,,,
15402,Accepted,,,,,
15403,Accepted,,,,,
15404,Accepted,,,,,
15405,Accepted,,,,,
15406,Accepted,,,,,
15407,Accepted,,,,,
15408,Accepted,,,,,
15409,Accepted,,,,,
15410,Accepted,,,,,
15411,Accepted,,,,,
15412,Accepted,,,,,
15413,Accepted,,,,,
15414,Accepted,,,,,
15415,Accepted,,,,,
15416,Accepted,,,,,
15417,Accepted,,,,,
15418,Accepted,,,,,
15419,Accepted,,,,,
15420,Accepted,,,,,
15421,Accepted,,,,,
15422,Accepted,,,,,
15423,Accepted,,,,,
15424,Accepted,,,,,
15425,Accepted,,,,,
15426,Accepted,,,,,
15427,Accepted,,,,,
15428,Accepted,,,,,
15429,Accepted,,,,,
15430,Accepted,,,,,
15431,Accepted,,,,,
15432,Accepted,,,,,
15433,Accepted,,,,,
15434,Accepted,,,,,
15435,Accepted,,,,,
15436,Accepted,,,,,
15437,Accepted,,,,,
15438,Accepted,,,,,
15439,Accepted,,,,,
15440,Accepted,,,,,
15441,Accepted,,,,,
15442,Accepted,,,,,
15443,Accepted,,,,,
15444,Accepted,,,,,
15445,Accepted,,,,,
15446,Accepted,,,,,
15447,Accepted,,,,,
15448,Accepted,,,,,
15449,Accepted,,,,,
15450,Accepted,,,,,
15451,Accepted,,,,,
15452,Accepted,,,,,
15453,Accepted,,,,,
15454,Accepted,,,,,
15455,Accepted,,,,,
15456,Accepted,,,,,
15457,Accepted,,,,,
15458,Accepted,,,,,
15459,Accepted,,,,,
15460,Accepted,,,,,
15461,Accepted,,,,,
15462,Accepted,,,,,
15463,Accepted,,,,,
15464,Accepted,,,,,
15465,Accepted,,,,,
15466,Accepted,,,,,
15467,Accepted,,,,,
15468,Accepted,,,,,
15469,Accepted,,,,,
15470,Accepted,,,,,
15471,Accepted,,,,,
15472,Accepted,,,,,
15473,Accepted,,,,,
15474,Accepted,,,,,
15475,Accepted,,,,,
15476,Accepted,,,,,
15477,Accepted,,,,,
15478,Accepted,,,,,
15479,Accepted,,,,,
15480,Accepted,,,,,
15481,Accepted,,,,,
15482,Accepted,,,,,
15483,Accepted,,,,,
15484,Accepted,,,,,
15485,Accepted,,,,,
15486,Accepted,,,,,
15487,Accepted,,,,,
15488,Accepted,,,,,
15489,Accepted,,,,,
15490,Accepted,,,,,
15491,Accepted,,,,,
15492,Accepted,,,,,
15493,Accepted,,,,,
15494,Accepted,,,,,
15495,Accepted,,,,,
15496,Accepted,,,,,
15497,Accepted,,,,,
15498,Accepted,,,,,
15499,Accepted,,,,,
15500,Accepted,,,,,
15501,Accepted,,,,,
15502,Accepted,,,,,
15503,Accepted,,,,,
15504,Accepted,,,,,
15505,Accepted,,,,,
15506,Accepted,,,,,
15507,Accepted,,,,,
15508,Accepted,,,,,
15509,Accepted,,,,,
15510,Accepted,,,,,
15511,Accepted,,,,,
15512,Accepted,,,,,
15513,Accepted,,,,,
15514,Accepted,,,,,
15515,Accepted,,,,,
15516,Accepted,,,,,
15517,Accepted,,,,,
15518,Accepted,,,,,
15519,Accepted,,,,,
15520,Accepted,,,,,
15521,Accepted,,,,,
15522,Accepted,,,,,
15523,Accepted,,,,,
15524,Accepted,,,,,
15525,Accepted,,,,,
15526,Accepted,,,,,
15527,Accepted,,,,,
15528,Accepted,,,,,
15529,Accepted,,,,,
15530,Accepted,,,,,
15531,Accepted,,,,,
15532,Accepted,,,,,
15533,Accepted,,,,,
15534,Accepted,,,,,
15535,Accepted,,,,,
15536,Accepted,,,,,
15537,Accepted,,,,,
15538,Accepted,,,,,
15539,Accepted,,,,,
15540,Accepted,,,,,
15541,Accepted,,,,,
15542,Accepted,,,,,
15543,Accepted,,,,,
15544,Accepted,,,,,
15545,Accepted,,,,,
15546,Accepted,,,,,
15547,Accepted,,,,,
15548,Accepted,,,,,
15549,Accepted,,,,,
15550,Accepted,,,,,
15551,Accepted,,,,,
15552,Accepted,,,,,
15553,Accepted,,,,,
15554,Accepted,,,,,
15555,Accepted,,,,,
15556,Accepted,,,,,
15557,Accepted,,,,,
15558,Accepted,,,,,
15559,Accepted,,,,,
15560,Accepted,,,,,
15561,Accepted,,,,,
15562,Accepted,,,,,
15563,Accepted,,,,,
15564,Accepted,,,,,
15565,Accepted,,,,,
15566,Accepted,,,,,
15567,Accepted,,,,,
15568,Accepted,,,,,
15569,Accepted,,,,,
15570,Accepted,,,,,
15571,Accepted,,,,,
15572,Accepted,,,,,
15573,Accepted,,,,,
15574,Accepted,,,,,
15575,Accepted,,,,,
15576,Accepted,,,,,
15577,Accepted,,,,,
15578,Accepted,,,,,
15579,Accepted,,,,,
15580,Accepted,,,,,
15581,Accepted,,,,,
15582,Accepted,,,,,
15583,Accepted,,,,,
15584,Accepted,,,,,
15585,Accepted,,,,,
15586,Accepted,,,,,
15587,Accepted,,,,,
15588,Accepted,,,,,
15589,Accepted,,,,,
15590,Accepted,,,,,
15591,Accepted,,,,,
15592,Accepted,,,,,
15593,Accepted,,,,,
15594,Accepted,,,,,
15595,Accepted,,,,,
15596,Accepted,,,,,
15597,Accepted,,,,,
15598,Accepted,,,,,
15599,Accepted,,,,,
15600,Accepted,,,,,
15601,Accepted,,,,,
15602,Accepted,,,,,
15603,Accepted,,,,,
15604,Accepted,,,,,
15605,Accepted,,,,,
15606,Accepted,,,,,
15607,Accepted,,,,,
15608,Accepted,,,,,
15609,Accepted,,,,,
15610,Accepted,,,,,
15611,Accepted,,,,,
15612,Accepted,,,,,
15613,Accepted,,,,,
15614,Accepted,,,,,
15615,Accepted,,,,,
15616,Accepted,,,,,
15617,Accepted,,,,,
15618,Accepted,,,,,
15619,Accepted,,,,,
15620,Accepted,,,,,
15621,Accepted,,,,,
15622,Accepted,,,,,
15623,Accepted,,,,,
15624,Accepted,,,,,
15625,Accepted,,,,,
15626,Accepted,,,,,
15627,Accepted,,,,,
15628,Accepted,,,,,
15629,Accepted,,,,,
15630,Accepted,,,,,
15631,Accepted,,,,,
15632,Accepted,,,,,
15633,Accepted,,,,,
15634,Accepted,,,,,
15635,Accepted,,,,,
15636,Accepted,,,,,
15637,Accepted,,,,,
15638,Accepted,,,,,
15639,Accepted,,,,,
15640,Accepted,,,,,
15641,Accepted,,,,,
15642,Accepted,,,,,
15643,Accepted,,,,,
15644,Accepted,,,,,
15645,Accepted,,,,,
15646,Accepted,,,,,
15647,Accepted,,,,,
15648,Accepted,,,,,
15649,Accepted,,,,,
15650,Accepted,,,,,
15651,Accepted,,,,,
15652,Accepted,,,,,
15653,Accepted,,,,,
15654,Accepted,,,,,
15655,Accepted,,,,,
15656,Accepted,,,,,
15657,Accepted,,,,,
15658,Accepted,,,,,
15659,Accepted,,,,,
15660,Accepted,,,,,
15661,Accepted,,,,,
15662,Accepted,,,,,
15663,Accepted,,,,,
15664,Accepted,,,,,
15665,Accepted,,,,,
15666,Accepted,,,,,
15667,Accepted,,,,,
15668,Accepted,,,,,
15669,Accepted,,,,,
15670,Accepted,,,,,
15671,Accepted,,,,,
15672,Accepted,,,,,
15673,Accepted,,,,,
15674,Accepted,,,,,
15675,Accepted,,,,,
15676,Accepted,,,,,
15677,Accepted,,,,,
15678,Accepted,,,,,
15679,Accepted,,,,,
15680,Accepted,,,,,
15681,Accepted,,,,,
15682,Accepted,,,,,
15683,Accepted,,,,,
15684,Accepted,,,,,
15685,Accepted,,,,,
15686,Accepted,,,,,
15687,Accepted,,,,,
15688,Accepted,,,,,
15689,Accepted,,,,,
15690,Accepted,,,,,
15691,Accepted,,,,,
15692,Accepted,,,,,
15693,Accepted,,,,,
15694,Accepted,,,,,
15695,Accepted,,,,,
15696,Accepted,,,,,
15697,Accepted,,,,,
15698,Accepted,,,,,
15699,Accepted,,,,,
15700,Accepted,,,,,
15701,Accepted,,,,,
15702,Accepted,,,,,
15703,Accepted,,,,,
15704,Accepted,,,,,
15705,Accepted,,,,,
15706,Accepted,,,,,
15707,Accepted,,,,,
15708,Accepted,,,,,
15709,Accepted,,,,,
15710,Accepted,,,,,
15711,Accepted,,,,,
15712,Accepted,,,,,
15713,Accepted,,,,,
15714,Accepted,,,,,
15715,Accepted,,,,,
15716,Accepted,,,,,
15717,Accepted,,,,,
15718,Accepted,,,,,
15719,Accepted,,,,,
15720,Accepted,,,,,
15721,Accepted,,,,,
15722,Accepted,,,,,
15723,Accepted,,,,,
15724,Accepted,,,,,
15725,Accepted,,,,,
15726,Accepted,,,,,
15727,Accepted,,,,,
15728,Accepted,,,,,
15729,Accepted,,,,,
15730,Accepted,,,,,
15731,Accepted,,,,,
15732,Accepted,,,,,
15733,Accepted,,,,,
15734,Accepted,,,,,
15735,Accepted,,,,,
15736,Accepted,,,,,
15737,Accepted,,,,,
15738,Accepted,,,,,
15739,Accepted,,,,,
15740,Accepted,,,,,
15741,Accepted,,,,,
15742,Accepted,,,,,
15743,Accepted,,,,,
15744,Accepted,,,,,
15745,Accepted,,,,,
15746,Accepted,,,,,
15747,Accepted,,,,,
15748,Accepted,,,,,
15749,Accepted,,,,,
15750,Accepted,,,,,
15751,Accepted,,,,,
15752,Accepted,,,,,
15753,Accepted,,,,,
15754,Accepted,,,,,
15755,Accepted,,,,,
15756,Accepted,,,,,
15757,Accepted,,,,,
15758,Accepted,,,,,
15759,Accepted,,,,,
15760,Accepted,,,,,
15761,Accepted,,,,,
15762,Accepted,,,,,
15763,Accepted,,,,,
15764,Accepted,,,,,
15765,Accepted,,,,,
15766,Accepted,,,,,
15767,Accepted,,,,,
15768,Accepted,,,,,
15769,Accepted,,,,,
15770,Accepted,,,,,
15771,Accepted,,,,,
15772,Accepted,,,,,
15773,Accepted,,,,,
15774,Accepted,,,,,
15775,Accepted,,,,,
15776,Accepted,,,,,
15777,Accepted,,,,,
15778,Accepted,,,,,
15779,Accepted,,,,,
15780,Accepted,,,,,
15781,Accepted,,,,,
15782,Accepted,,,,,
15783,Accepted,,,,,
15784,Accepted,,,,,
15785,Accepted,,,,,
15786,Accepted,,,,,
15787,Accepted,,,,,
15788,Accepted,,,,,
15789,Accepted,,,,,
15790,Accepted,,,,,
15791,Accepted,,,,,
15792,Accepted,,,,,
15793,Accepted,,,,,
15794,Accepted,,,,,
15795,Accepted,,,,,
15796,Accepted,,,,,
15797,Accepted,,,,,
15798,Accepted,,,,,
15799,Accepted,,,,,
15800,Accepted,,,,,
15801,Accepted,,,,,
15802,Accepted,,,,,
15803,Accepted,,,,,
15804,Accepted,,,,,
15805,Accepted,,,,,
15806,Accepted,,,,,
15807,Accepted,,,,,
15808,Accepted,,,,,
15809,Accepted,,,,,
15810,Accepted,,,,,
15811,Accepted,,,,,
15812,Accepted,,,,,
15813,Accepted,,,,,
15814,Accepted,,,,,
15815,Accepted,,,,,
15816,Accepted,,,,,
15817,Accepted,,,,,
15818,Accepted,,,,,
15819,Accepted,,,,,
15820,Accepted,,,,,
15821,Accepted,,,,,
15822,Accepted,,,,,
15823,Accepted,,,,,
15824,Accepted,,,,,
15825,Accepted,,,,,
15826,Accepted,,,,,
15827,Accepted,,,,,
15828,Accepted,,,,,
15829,Accepted,,,,,
15830,Accepted,,,,,
15831,Accepted,,,,,
15832,Accepted,,,,,
15833,Accepted,,,,,
15834,Accepted,,,,,
15835,Accepted,,,,,
15836,Accepted,,,,,
15837,Accepted,,,,,
15838,Accepted,,,,,
15839,Accepted,,,,,
15840,Accepted,,,,,
15841,Accepted,,,,,
15842,Accepted,,,,,
15843,Accepted,,,,,
15844,Accepted,,,,,
15845,Accepted,,,,,
15846,Accepted,,,,,
15847,Accepted,,,,,
15848,Accepted,,,,,
15849,Accepted,,,,,
15850,Accepted,,,,,
15851,Accepted,,,,,
15852,Accepted,,,,,
15853,Accepted,,,,,
15854,Accepted,,,,,
15855,Accepted,,,,,
15856,Accepted,,,,,
15857,Accepted,,,,,
15858,Accepted,,,,,
15859,Accepted,,,,,
15860,Accepted,,,,,
15861,Accepted,,,,,
15862,Accepted,,,,,
15863,Accepted,,,,,
15864,Accepted,,,,,
15865,Accepted,,,,,
15866,Accepted,,,,,
15867,Accepted,,,,,
15868,Accepted,,,,,
15869,Accepted,,,,,
15870,Accepted,,,,,
15871,Accepted,,,,,
15872,Accepted,,,,,
15873,Accepted,,,,,
15874,Accepted,,,,,
15875,Accepted,,,,,
15876,Accepted,,,,,
15877,Accepted,,,,,
15878,Accepted,,,,,
15879,Accepted,,,,,
15880,Accepted,,,,,
15881,Accepted,,,,,
15882,Accepted,,,,,
15883,Accepted,,,,,
15884,Accepted,,,,,
15885,Accepted,,,,,
15886,Accepted,,,,,
15887,Accepted,,,,,
15888,Accepted,,,,,
15889,Accepted,,,,,
15890,Accepted,,,,,
15891,Accepted,,,,,
15892,Accepted,,,,,
15893,Accepted,,,,,
15894,Accepted,,,,,
15895,Accepted,,,,,
15896,Accepted,,,,,
15897,Accepted,,,,,
15898,Accepted,,,,,
15899,Accepted,,,,,
15900,Accepted,,,,,
15901,Accepted,,,,,
15902,Accepted,,,,,
15903,Accepted,,,,,
15904,Accepted,,,,,
15905,Accepted,,,,,
15906,Accepted,,,,,
15907,Accepted,,,,,
15908,Accepted,,,,,
15909,Accepted,,,,,
15910,Accepted,,,,,
15911,Accepted,,,,,
15912,Accepted,,,,,
15913,Accepted,,,,,
15914,Accepted,,,,,
15915,Accepted,,,,,
15916,Accepted,,,,,
15917,Accepted,,,,,
15918,Accepted,,,,,
15919,Accepted,,,,,
15920,Accepted,,,,,
15921,Accepted,,,,,
15922,Accepted,,,,,
15923,Accepted,,,,,
15924,Accepted,,,,,
15925,Accepted,,,,,
15926,Accepted,,,,,
15927,Accepted,,,,,
15928,Accepted,,,,,
15929,Accepted,,,,,
15930,Accepted,,,,,
15931,Accepted,,,,,
15932,Accepted,,,,,
15933,Accepted,,,,,
15934,Accepted,,,,,
15935,Accepted,,,,,
15936,Accepted,,,,,
15937,Accepted,,,,,
15938,Accepted,,,,,
15939,Accepted,,,,,
15940,Accepted,,,,,
15941,Accepted,,,,,
15942,Accepted,,,,,
15943,Accepted,,,,,
15944,Accepted,,,,,
15945,Accepted,,,,,
15946,Accepted,,,,,
15947,Accepted,,,,,
15948,Accepted,,,,,
15949,Accepted,,,,,
15950,Accepted,,,,,
15951,Accepted,,,,,
15952,Accepted,,,,,
15953,Accepted,,,,,
15954,Accepted,,,,,
15955,Accepted,,,,,
15956,Accepted,,,,,
15957,Accepted,,,,,
15958,Accepted,,,,,
15959,Accepted,,,,,
15960,Accepted,,,,,
15961,Accepted,,,,,
15962,Accepted,,,,,
15963,Accepted,,,,,
15964,Accepted,,,,,
15965,Accepted,,,,,
15966,Accepted,,,,,
15967,Accepted,,,,,
15968,Accepted,,,,,
15969,Accepted,,,,,
15970,Accepted,,,,,
15971,Accepted,,,,,
15972,Accepted,,,,,
15973,Accepted,,,,,
15974,Accepted,,,,,
15975,Accepted,,,,,
15976,Accepted,,,,,
15977,Accepted,,,,,
15978,Accepted,,,,,
15979,Accepted,,,,,
15980,Accepted,,,,,
15981,Accepted,,,,,
15982,Accepted,,,,,
15983,Accepted,,,,,
15984,Accepted,,,,,
15985,Accepted,,,,,
15986,Accepted,,,,,
15987,Accepted,,,,,
15988,Accepted,,,,,
15989,Accepted,,,,,
15990,Accepted,,,,,
15991,Accepted,,,,,
15992,Accepted,,,,,
15993,Accepted,,,,,
15994,Accepted,,,,,
15995,Accepted,,,,,
15996,Accepted,,,,,
15997,Accepted,,,,,
15998,Accepted,,,,,
15999,Accepted,,,,,
16000,Accepted,,,,,
16001,Accepted,,,,,
16002,Accepted,,,,,
16003,Accepted,,,,,
16004,Accepted,,,,,
16005,Accepted,,,,,
16006,Accepted,,,,,
16007,Accepted,,,,,
16008,Accepted,,,,,
16009,Accepted,,,,,
16010,Accepted,,,,,
16011,Accepted,,,,,
16012,Accepted,,,,,
16013,Accepted,,,,,
16014,Accepted,,,,,
16015,Accepted,,,,,
16016,Accepted,,,,,
16017,Accepted,,,,,
16018,Accepted,,,,,
16019,Accepted,,,,,
16020,Accepted,,,,,
16021,Accepted,,,,,
16022,Accepted,,,,,
16023,Accepted,,,,,
16024,Accepted,,,,,
16025,Accepted,,,,,
16026,Accepted,,,,,
16027,Accepted,,,,,
16028,Accepted,,,,,
16029,Accepted,,,,,
16030,Accepted,,,,,
16031,Accepted,,,,,
16032,Accepted,,,,,
16033,Accepted,,,,,
16034,Accepted,,,,,
16035,Accepted,,,,,
16036,Accepted,,,,,
16037,Accepted,,,,,
16038,Accepted,,,,,
16039,Accepted,,,,,
16040,Accepted,,,,,
16041,Accepted,,,,,
16042,Accepted,,,,,
16043,Accepted,,,,,
16044,Accepted,,,,,
16045,Accepted,,,,,
16046,Accepted,,,,,
16047,Accepted,,,,,
16048,Accepted,,,,,
16049,Accepted,,,,,
16050,Accepted,,,,,
16051,Accepted,,,,,
16052,Accepted,,,,,
16053,Accepted,,,,,
16054,Accepted,,,,,
16055,Accepted,,,,,
16056,Accepted,,,,,
16057,Accepted,,,,,
16058,Accepted,,,,,
16059,Accepted,,,,,
16060,Accepted,,,,,
16061,Accepted,,,,,
16062,Accepted,,,,,
16063,Accepted,,,,,
16064,Accepted,,,,,
16065,Accepted,,,,,
16066,Accepted,,,,,
16067,Accepted,,,,,
16068,Accepted,,,,,
16069,Accepted,,,,,
16070,Accepted,,,,,
16071,Accepted,,,,,
16072,Accepted,,,,,
16073,Accepted,,,,,
16074,Accepted,,,,,
16075,Accepted,,,,,
16076,Accepted,,,,,
16077,Accepted,,,,,
16078,Accepted,,,,,
16079,Accepted,,,,,
16080,Accepted,,,,,
16081,Accepted,,,,,
16082,Accepted,,,,,
16083,Accepted,,,,,
16084,Accepted,,,,,
16085,Accepted,,,,,
16086,Accepted,,,,,
16087,Accepted,,,,,
16088,Accepted,,,,,
16089,Accepted,,,,,
16090,Accepted,,,,,
16091,Accepted,,,,,
16092,Accepted,,,,,
16093,Accepted,,,,,
16094,Accepted,,,,,
16095,Accepted,,,,,
16096,Accepted,,,,,
16097,Accepted,,,,,
16098,Accepted,,,,,
16099,Accepted,,,,,
16100,Accepted,,,,,
16101,Accepted,,,,,
16102,Accepted,,,,,
16103,Accepted,,,,,
16104,Accepted,,,,,
16105,Accepted,,,,,
16106,Accepted,,,,,
16107,Accepted,,,,,
16108,Accepted,,,,,
16109,Accepted,,,,,
16110,Accepted,,,,,
16111,Accepted,,,,,
16112,Accepted,,,,,
16113,Accepted,,,,,
16114,Accepted,,,,,
16115,Accepted,,,,,
16116,Accepted,,,,,
16117,Accepted,,,,,
16118,Accepted,,,,,
16119,Accepted,,,,,
16120,Accepted,,,,,
16121,Accepted,,,,,
16122,Accepted,,,,,
16123,Accepted,,,,,
16124,Accepted,,,,,
16125,Accepted,,,,,
16126,Accepted,,,,,
16127,Accepted,,,,,
16128,Accepted,,,,,
16129,Accepted,,,,,
16130,Accepted,,,,,
16131,Accepted,,,,,
16132,Accepted,,,,,
16133,Accepted,,,,,
16134,Accepted,,,,,
16135,Accepted,,,,,
16136,Accepted,,,,,
16137,Accepted,,,,,
16138,Accepted,,,,,
16139,Accepted,,,,,
16140,Accepted,,,,,
16141,Accepted,,,,,
16142,Accepted,,,,,
16143,Accepted,,,,,
16144,Accepted,,,,,
16145,Accepted,,,,,
16146,Accepted,,,,,
16147,Accepted,,,,,
16148,Accepted,,,,,
16149,Accepted,,,,,
16150,Accepted,,,,,
16151,Accepted,,,,,
16152,Accepted,,,,,
16153,Accepted,,,,,
16154,Accepted,,,,,
16155,Accepted,,,,,
16156,Accepted,,,,,
16157,Accepted,,,,,
16158,Accepted,,,,,
16159,Accepted,,,,,
16160,Accepted,,,,,
16161,Accepted,,,,,
16162,Accepted,,,,,
16163,Accepted,,,,,
16164,Accepted,,,,,
16165,Accepted,,,,,
16166,Accepted,,,,,
16167,Accepted,,,,,
16168,Accepted,,,,,
16169,Accepted,,,,,
16170,Accepted,,,,,
16171,Accepted,,,,,
16172,Accepted,,,,,
16173,Accepted,,,,,
16174,Accepted,,,,,
16175,Accepted,,,,,
16176,Accepted,,,,,
16177,Accepted,,,,,
16178,Accepted,,,,,
16179,Accepted,,,,,
16180,Accepted,,,,,
16181,Accepted,,,,,
16182,Accepted,,,,,
16183,Accepted,,,,,
16184,Accepted,,,,,
16185,Accepted,,,,,
16186,Accepted,,,,,
16187,Accepted,,,,,
16188,Accepted,,,,,
16189,Accepted,,,,,
16190,Accepted,,,,,
16191,Accepted,,,,,
16192,Accepted,,,,,
16193,Accepted,,,,,
16194,Accepted,,,,,
16195,Accepted,,,,,
16196,Accepted,,,,,
16197,Accepted,,,,,
16198,Accepted,,,,,
16199,Accepted,,,,,
16200,Accepted,,,,,
16201,Accepted,,,,,
16202,Accepted,,,,,
16203,Accepted,,,,,
16204,Accepted,,,,,
16205,Accepted,,,,,
16206,Accepted,,,,,
16207,Accepted,,,,,
16208,Accepted,,,,,
16209,Accepted,,,,,
16210,Accepted,,,,,
16211,Accepted,,,,,
16212,Accepted,,,,,
16213,Accepted,,,,,
16214,Accepted,,,,,
16215,Accepted,,,,,
16216,Accepted,,,,,
16217,Accepted,,,,,
16218,Accepted,,,,,
16219,Accepted,,,,,
16220,Accepted,,,,,
16221,Accepted,,,,,
16222,Accepted,,,,,
16223,Accepted,,,,,
16224,Accepted,,,,,
16225,Accepted,,,,,
16226,Accepted,,,,,
16227,Accepted,,,,,
16228,Accepted,,,,,
16229,Accepted,,,,,
16230,Accepted,,,,,
16231,Accepted,,,,,
16232,Accepted,,,,,
16233,Accepted,,,,,
16234,Accepted,,,,,
16235,Accepted,,,,,
16236,Accepted,,,,,
16237,Accepted,,,,,
16238,Accepted,,,,,
16239,Accepted,,,,,
16240,Accepted,,,,,
16241,Accepted,,,,,
16242,Accepted,,,,,
16243,Accepted,,,,,
16244,Accepted,,,,,
16245,Accepted,,,,,
16246,Accepted,,,,,
16247,Accepted,,,,,
16248,Accepted,,,,,
16249,Accepted,,,,,
16250,Accepted,,,,,
16251,Accepted,,,,,
16252,Accepted,,,,,
16253,Accepted,,,,,
16254,Accepted,,,,,
16255,Accepted,,,,,
16256,Accepted,,,,,
16257,Accepted,,,,,
16258,Accepted,,,,,
16259,Accepted,,,,,
16260,Accepted,,,,,
16261,Accepted,,,,,
16262,Accepted,,,,,
16263,Accepted,,,,,
16264,Accepted,,,,,
16265,Accepted,,,,,
16266,Accepted,,,,,
16267,Accepted,,,,,
16268,Accepted,,,,,
16269,Accepted,,,,,
16270,Accepted,,,,,
16271,Accepted,,,,,
16272,Accepted,,,,,
16273,Accepted,,,,,
16274,Accepted,,,,,
16275,Accepted,,,,,
16276,Accepted,,,,,
16277,Accepted,,,,,
16278,Accepted,,,,,
16279,Accepted,,,,,
16280,Accepted,,,,,
16281,Accepted,,,,,
16282,Accepted,,,,,
16283,Accepted,,,,,
16284,Accepted,,,,,
16285,Accepted,,,,,
16286,Accepted,,,,,
16287,Accepted,,,,,
16288,Accepted,,,,,
16289,Accepted,,,,,
16290,Accepted,,,,,
16291,Accepted,,,,,
16292,Accepted,,,,,
16293,Accepted,,,,,
16294,Accepted,,,,,
16295,Accepted,,,,,
16296,Accepted,,,,,
16297,Accepted,,,,,
16298,Accepted,,,,,
16299,Accepted,,,,,
16300,Accepted,,,,,
16301,Accepted,,,,,
16302,Accepted,,,,,
16303,Accepted,,,,,
16304,Accepted,,,,,
16305,Accepted,,,,,
16306,Accepted,,,,,
16307,Accepted,,,,,
16308,Accepted,,,,,
16309,Accepted,,,,,
16310,Accepted,,,,,
16311,Accepted,,,,,
16312,Accepted,,,,,
16313,Accepted,,,,,
16314,Accepted,,,,,
16315,Accepted,,,,,
16316,Accepted,,,,,
16317,Accepted,,,,,
16318,Accepted,,,,,
16319,Accepted,,,,,
16320,Accepted,,,,,
16321,Accepted,,,,,
16322,Accepted,,,,,
16323,Accepted,,,,,
16324,Accepted,,,,,
16325,Accepted,,,,,
16326,Accepted,,,,,
16327,Accepted,,,,,
16328,Accepted,,,,,
16329,Accepted,,,,,
16330,Accepted,,,,,
16331,Accepted,,,,,
16332,Accepted,,,,,
16333,Accepted,,,,,
16334,Accepted,,,,,
16335,Accepted,,,,,
16336,Accepted,,,,,
16337,Accepted,,,,,
16338,Accepted,,,,,
16339,Accepted,,,,,
16340,Accepted,,,,,
16341,Accepted,,,,,
16342,Accepted,,,,,
16343,Accepted,,,,,
16344,Accepted,,,,,
16345,Accepted,,,,,
16346,Accepted,,,,,
16347,Accepted,,,,,
16348,Accepted,,,,,
16349,Accepted,,,,,
16350,Accepted,,,,,
16351,Accepted,,,,,
16352,Accepted,,,,,
16353,Accepted,,,,,
16354,Accepted,,,,,
16355,Accepted,,,,,
16356,Accepted,,,,,
16357,Accepted,,,,,
16358,Accepted,,,,,
16359,Accepted,,,,,
16360,Accepted,,,,,
16361,Accepted,,,,,
16362,Accepted,,,,,
16363,Accepted,,,,,
16364,Accepted,,,,,
16365,Accepted,,,,,
16366,Accepted,,,,,
16367,Accepted,,,,,
16368,Accepted,,,,,
16369,Accepted,,,,,
16370,Accepted,,,,,
16371,Accepted,,,,,
16372,Accepted,,,,,
16373,Accepted,,,,,
16374,Accepted,,,,,
16375,Accepted,,,,,
16376,Accepted,,,,,
16377,Accepted,,,,,
16378,Accepted,,,,,
16379,Accepted,,,,,
16380,Accepted,,,,,
16381,Accepted,,,,,
16382,Accepted,,,,,
16383,Accepted,,,,,
16384,Accepted,,,,,
16385,Accepted,,,,,
16386,Accepted,,,,,
16387,Accepted,,,,,
16388,Accepted,,,,,
16389,Accepted,,,,,
16390,Accepted,,,,,
16391,Accepted,,,,,
16392,Accepted,,,,,
16393,Accepted,,,,,
16394,Accepted,,,,,
16395,Accepted,,,,,
16396,Accepted,,,,,
16397,Accepted,,,,,
16398,Accepted,,,,,
16399,Accepted,,,,,
16400,Accepted,,,,,
16401,Accepted,,,,,
16402,Accepted,,,,,
16403,Accepted,,,,,
16404,Accepted,,,,,
16405,Accepted,,,,,
16406,Accepted,,,,,
16407,Accepted,,,,,
16408,Accepted,,,,,
16409,Accepted,,,,,
16410,Accepted,,,,,
16411,Accepted,,,,,
16412,Accepted,,,,,
16413,Accepted,,,,,
16414,Accepted,,,,,
16415,Accepted,,,,,
16416,Accepted,,,,,
16417,Accepted,,,,,
16418,Accepted,,,,,
16419,Accepted,,,,,
16420,Accepted,,,,,
16421,Accepted,,,,,
16422,Accepted,,,,,
16423,Accepted,,,,,
16424,Accepted,,,,,
16425,Accepted,,,,,
16426,Accepted,,,,,
16427,Accepted,,,,,
16428,Accepted,,,,,
16429,Accepted,,,,,
16430,Accepted,,,,,
16431,Accepted,,,,,
16432,Accepted,,,,,
16433,Accepted,,,,,
16434,Accepted,,,,,
16435,Accepted,,,,,
16436,Accepted,,,,,
16437,Accepted,,,,,
16438,Accepted,,,,,
16439,Accepted,,,,,
16440,Accepted,,,,,
16441,Accepted,,,,,
16442,Accepted,,,,,
16443,Accepted,,,,,
16444,Accepted,,,,,
16445,Accepted,,,,,
16446,Accepted,,,,,
16447,Accepted,,,,,
16448,Accepted,,,,,
16449,Accepted,,,,,
16450,Accepted,,,,,
16451,Accepted,,,,,
16452,Accepted,,,,,
16453,Accepted,,,,,
16454,Accepted,,,,,
16455,Accepted,,,,,
16456,Accepted,,,,,
16457,Accepted,,,,,
16458,Accepted,,,,,
16459,Accepted,,,,,
16460,Accepted,,,,,
16461,Accepted,,,,,
16462,Accepted,,,,,
16463,Accepted,,,,,
16464,Accepted,,,,,
16465,Accepted,,,,,
16466,Accepted,,,,,
16467,Accepted,,,,,
16468,Accepted,,,,,
16469,Accepted,,,,,
16470,Accepted,,,,,
16471,Accepted,,,,,
16472,Accepted,,,,,
16473,Accepted,,,,,
16474,Accepted,,,,,
16475,Accepted,,,,,
16476,Accepted,,,,,
16477,Accepted,,,,,
16478,Accepted,,,,,
16479,Accepted,,,,,
16480,Accepted,,,,,
16481,Accepted,,,,,
16482,Accepted,,,,,
16483,Accepted,,,,,
16484,Accepted,,,,,
16485,Accepted,,,,,
16486,Accepted,,,,,
16487,Accepted,,,,,
16488,Accepted,,,,,
16489,Accepted,,,,,
16490,Accepted,,,,,
16491,Accepted,,,,,
16492,Accepted,,,,,
16493,Accepted,,,,,
16494,Accepted,,,,,
16495,Accepted,,,,,
16496,Accepted,,,,,
16497,Accepted,,,,,
16498,Accepted,,,,,
16499,Accepted,,,,,
16500,Accepted,,,,,
16501,Accepted,,,,,
16502,Accepted,,,,,
16503,Accepted,,,,,
16504,Accepted,,,,,
16505,Accepted,,,,,
16506,Accepted,,,,,
16507,Accepted,,,,,
16508,Accepted,,,,,
16509,Accepted,,,,,
16510,Accepted,,,,,
16511,Accepted,,,,,
16512,Accepted,,,,,
16513,Accepted,,,,,
16514,Accepted,,,,,
16515,Accepted,,,,,
16516,Accepted,,,,,
16517,Accepted,,,,,
16518,Accepted,,,,,
16519,Accepted,,,,,
16520,Accepted,,,,,
16521,Accepted,,,,,
16522,Accepted,,,,,
16523,Accepted,,,,,
16524,Accepted,,,,,
16525,Accepted,,,,,
16526,Accepted,,,,,
16527,Accepted,,,,,
16528,Accepted,,,,,
16529,Accepted,,,,,
16530,Accepted,,,,,
16531,Accepted,,,,,
16532,Accepted,,,,,
16533,Accepted,,,,,
16534,Accepted,,,,,
16535,Accepted,,,,,
16536,Accepted,,,,,
16537,Accepted,,,,,
16538,Accepted,,,,,
16539,Accepted,,,,,
16540,Accepted,,,,,
16541,Accepted,,,,,
16542,Accepted,,,,,
16543,Accepted,,,,,
16544,Accepted,,,,,
16545,Accepted,,,,,
16546,Accepted,,,,,
16547,Accepted,,,,,
16548,Accepted,,,,,
16549,Accepted,,,,,
16550,Accepted,,,,,
16551,Accepted,,,,,
16552,Accepted,,,,,
16553,Accepted,,,,,
16554,Accepted,,,,,
16555,Accepted,,,,,
16556,Accepted,,,,,
16557,Accepted,,,,,
16558,Accepted,,,,,
16559,Accepted,,,,,
16560,Accepted,,,,,
16561,Accepted,,,,,
16562,Accepted,,,,,
16563,Accepted,,,,,
16564,Accepted,,,,,
16565,Accepted,,,,,
16566,Accepted,,,,,
16567,Accepted,,,,,
16568,Accepted,,,,,
16569,Accepted,,,,,
16570,Accepted,,,,,
16571,Accepted,,,,,
16572,Accepted,,,,,
16573,Accepted,,,,,
16574,Accepted,,,,,
16575,Accepted,,,,,
16576,Accepted,,,,,
16577,Accepted,,,,,
16578,Accepted,,,,,
16579,Accepted,,,,,
16580,Accepted,,,,,
16581,Accepted,,,,,
16582,Accepted,,,,,
16583,Accepted,,,,,
16584,Accepted,,,,,
16585,Accepted,,,,,
16586,Accepted,,,,,
16587,Accepted,,,,,
16588,Accepted,,,,,
16589,Accepted,,,,,
16590,Accepted,,,,,
16591,Accepted,,,,,
16592,Accepted,,,,,
16593,Accepted,,,,,
16594,Accepted,,,,,
16595,Accepted,,,,,
16596,Accepted,,,,,
16597,Accepted,,,,,
16598,Accepted,,,,,
16599,Accepted,,,,,
16600,Accepted,,,,,
16601,Accepted,,,,,
16602,Accepted,,,,,
16603,Accepted,,,,,
16604,Accepted,,,,,
16605,Accepted,,,,,
16606,Accepted,,,,,
16607,Accepted,,,,,
16608,Accepted,,,,,
16609,Accepted,,,,,
16610,Accepted,,,,,
16611,Accepted,,,,,
16612,Accepted,,,,,
16613,Accepted,,,,,
16614,Accepted,,,,,
16615,Accepted,,,,,
16616,Accepted,,,,,
16617,Accepted,,,,,
16618,Accepted,,,,,
16619,Accepted,,,,,
16620,Accepted,,,,,
16621,Accepted,,,,,
16622,Accepted,,,,,
16623,Accepted,,,,,
16624,Accepted,,,,,
16625,Accepted,,,,,
16626,Accepted,,,,,
16627,Accepted,,,,,
16628,Accepted,,,,,
16629,Accepted,,,,,
16630,Accepted,,,,,
16631,Accepted,,,,,
16632,Accepted,,,,,
16633,Accepted,,,,,
16634,Accepted,,,,,
16635,Accepted,,,,,
16636,Accepted,,,,,
16637,Accepted,,,,,
16638,Accepted,,,,,
16639,Accepted,,,,,
16640,Accepted,,,,,
16641,Accepted,,,,,
16642,Accepted,,,,,
16643,Accepted,,,,,
16644,Accepted,,,,,
16645,Accepted,,,,,
16646,Accepted,,,,,
16647,Accepted,,,,,
16648,Accepted,,,,,
16649,Accepted,,,,,
16650,Accepted,,,,,
16651,Accepted,,,,,
16652,Accepted,,,,,
16653,Accepted,,,,,
16654,Accepted,,,,,
16655,Accepted,,,,,
16656,Accepted,,,,,
16657,Accepted,,,,,
16658,Accepted,,,,,
16659,Accepted,,,,,
16660,Accepted,,,,,
16661,Accepted,,,,,
16662,Accepted,,,,,
16663,Accepted,,,,,
16664,Accepted,,,,,
16665,Accepted,,,,,
16666,Accepted,,,,,
16667,Accepted,,,,,
16668,Accepted,,,,,
16669,Accepted,,,,,
16670,Accepted,,,,,
16671,Accepted,,,,,
16672,Accepted,,,,,
16673,Accepted,,,,,
16674,Accepted,,,,,
16675,Accepted,,,,,
16676,Accepted,,,,,
16677,Accepted,,,,,
16678,Accepted,,,,,
16679,Accepted,,,,,
16680,Accepted,,,,,
16681,Accepted,,,,,
16682,Accepted,,,,,
16683,Accepted,,,,,
16684,Accepted,,,,,
16685,Accepted,,,,,
16686,Accepted,,,,,
16687,Accepted,,,,,
16688,Accepted,,,,,
16689,Accepted,,,,,
16690,Accepted,,,,,
16691,Accepted,,,,,
16692,Accepted,,,,,
16693,Accepted,,,,,
16694,Accepted,,,,,
16695,Accepted,,,,,
16696,Accepted,,,,,
16697,Accepted,,,,,
16698,Accepted,,,,,
16699,Accepted,,,,,
16700,Accepted,,,,,
16701,Accepted,,,,,
16702,Accepted,,,,,
16703,Accepted,,,,,
16704,Accepted,,,,,
16705,Accepted,,,,,
16706,Accepted,,,,,
16707,Accepted,,,,,
16708,Accepted,,,,,
16709,Accepted,,,,,
16710,Accepted,,,,,
16711,Accepted,,,,,
16712,Accepted,,,,,
16713,Accepted,,,,,
16714,Accepted,,,,,
16715,Accepted,,,,,
16716,Accepted,,,,,
16717,Accepted,,,,,
16718,Accepted,,,,,
16719,Accepted,,,,,
16720,Accepted,,,,,
16721,Accepted,,,,,
16722,Accepted,,,,,
16723,Accepted,,,,,
16724,Accepted,,,,,
16725,Accepted,,,,,
16726,Accepted,,,,,
16727,Accepted,,,,,
16728,Accepted,,,,,
16729,Accepted,,,,,
16730,Accepted,,,,,
16731,Accepted,,,,,
16732,Accepted,,,,,
16733,Accepted,,,,,
16734,Accepted,,,,,
16735,Accepted,,,,,
16736,Accepted,,,,,
16737,Accepted,,,,,
16738,Accepted,,,,,
16739,Accepted,,,,,
16740,Accepted,,,,,
16741,Accepted,,,,,
16742,Accepted,,,,,
16743,Accepted,,,,,
16744,Accepted,,,,,
16745,Accepted,,,,,
16746,Accepted,,,,,
16747,Accepted,,,,,
16748,Accepted,,,,,
16749,Accepted,,,,,
16750,Accepted,,,,,
16751,Accepted,,,,,
16752,Accepted,,,,,
16753,Accepted,,,,,
16754,Accepted,,,,,
16755,Accepted,,,,,
16756,Accepted,,,,,
16757,Accepted,,,,,
16758,Accepted,,,,,
16759,Accepted,,,,,
16760,Accepted,,,,,
16761,Accepted,,,,,
16762,Accepted,,,,,
16763,Accepted,,,,,
16764,Accepted,,,,,
16765,Accepted,,,,,
16766,Accepted,,,,,
16767,Accepted,,,,,
16768,Accepted,,,,,
16769,Accepted,,,,,
16770,Accepted,,,,,
16771,Accepted,,,,,
16772,Accepted,,,,,
16773,Accepted,,,,,
16774,Accepted,,,,,
16775,Accepted,,,,,
16776,Accepted,,,,,
16777,Accepted,,,,,
16778,Accepted,,,,,
16779,Accepted,,,,,
16780,Accepted,,,,,
16781,Accepted,,,,,
16782,Accepted,,,,,
16783,Accepted,,,,,
16784,Accepted,,,,,
16785,Accepted,,,,,
16786,Accepted,,,,,
16787,Accepted,,,,,
16788,Accepted,,,,,
16789,Accepted,,,,,
16790,Accepted,,,,,
16791,Accepted,,,,,
16792,Accepted,,,,,
16793,Accepted,,,,,
16794,Accepted,,,,,
16795,Accepted,,,,,
16796,Accepted,,,,,
16797,Accepted,,,,,
16798,Accepted,,,,,
16799,Accepted,,,,,
16800,Accepted,,,,,
16801,Accepted,,,,,
16802,Accepted,,,,,
16803,Accepted,,,,,
16804,Accepted,,,,,
16805,Accepted,,,,,
16806,Accepted,,,,,
16807,Accepted,,,,,
16808,Accepted,,,,,
16809,Accepted,,,,,
16810,Accepted,,,,,
16811,Accepted,,,,,
16812,Accepted,,,,,
16813,Accepted,,,,,
16814,Accepted,,,,,
16815,Accepted,,,,,
16816,Accepted,,,,,
16817,Accepted,,,,,
16818,Accepted,,,,,
16819,Accepted,,,,,
16820,Accepted,,,,,
16821,Accepted,,,,,
16822,Accepted,,,,,
16823,Accepted,,,,,
16824,Accepted,,,,,
16825,Accepted,,,,,
16826,Accepted,,,,,
16827,Accepted,,,,,
16828,Accepted,,,,,
16829,Accepted,,,,,
16830,Accepted,,,,,
16831,Accepted,,,,,
16832,Accepted,,,,,
16833,Accepted,,,,,
16834,Accepted,,,,,
16835,Accepted,,,,,
16836,Accepted,,,,,
16837,Accepted,,,,,
16838,Accepted,,,,,
16839,Accepted,,,,,
16840,Accepted,,,,,
16841,Accepted,,,,,
16842,Accepted,,,,,
16843,Accepted,,,,,
16844,Accepted,,,,,
16845,Accepted,,,,,
16846,Accepted,,,,,
16847,Accepted,,,,,
16848,Accepted,,,,,
16849,Accepted,,,,,
16850,Accepted,,,,,
16851,Accepted,,,,,
16852,Accepted,,,,,
16853,Accepted,,,,,
16854,Accepted,,,,,
16855,Accepted,,,,,
16856,Accepted,,,,,
16857,Accepted,,,,,
16858,Accepted,,,,,
16859,Accepted,,,,,
16860,Accepted,,,,,
16861,Accepted,,,,,
16862,Accepted,,,,,
16863,Accepted,,,,,
16864,Accepted,,,,,
16865,Accepted,,,,,
16866,Accepted,,,,,
16867,Accepted,,,,,
16868,Accepted,,,,,
16869,Accepted,,,,,
16870,Accepted,,,,,
16871,Accepted,,,,,
16872,Accepted,,,,,
16873,Accepted,,,,,
16874,Accepted,,,,,
16875,Accepted,,,,,
16876,Accepted,,,,,
16877,Accepted,,,,,
16878,Accepted,,,,,
16879,Accepted,,,,,
16880,Accepted,,,,,
16881,Accepted,,,,,
16882,Accepted,,,,,
16883,Accepted,,,,,
16884,Accepted,,,,,
16885,Accepted,,,,,
16886,Accepted,,,,,
16887,Accepted,,,,,
16888,Accepted,,,,,
16889,Accepted,,,,,
16890,Accepted,,,,,
16891,Accepted,,,,,
16892,Accepted,,,,,
16893,Accepted,,,,,
16894,Accepted,,,,,
16895,Accepted,,,,,
16896,Accepted,,,,,
16897,Accepted,,,,,
16898,Accepted,,,,,
16899,Accepted,,,,,
16900,Accepted,,,,,
16901,Accepted,,,,,
16902,Accepted,,,,,
16903,Accepted,,,,,
16904,Accepted,,,,,
16905,Accepted,,,,,
16906,Accepted,,,,,
16907,Accepted,,,,,
16908,Accepted,,,,,
16909,Accepted,,,,,
16910,Accepted,,,,,
16911,Accepted,,,,,
16912,Accepted,,,,,
16913,Accepted,,,,,
16914,Accepted,,,,,
16915,Accepted,,,,,
16916,Accepted,,,,,
16917,Accepted,,,,,
16918,Accepted,,,,,
16919,Accepted,,,,,
16920,Accepted,,,,,
16921,Accepted,,,,,
16922,Accepted,,,,,
16923,Accepted,,,,,
16924,Accepted,,,,,
16925,Accepted,,,,,
16926,Accepted,,,,,
16927,Accepted,,,,,
16928,Accepted,,,,,
16929,Accepted,,,,,
16930,Accepted,,,,,
16931,Accepted,,,,,
16932,Accepted,,,,,
16933,Accepted,,,,,
16934,Accepted,,,,,
16935,Accepted,,,,,
16936,Accepted,,,,,
16937,Accepted,,,,,
16938,Accepted,,,,,
16939,Accepted,,,,,
16940,Accepted,,,,,
16941,Accepted,,,,,
16942,Accepted,,,,,
16943,Accepted,,,,,
16944,Accepted,,,,,
16945,Accepted,,,,,
16946,Accepted,,,,,
16947,Accepted,,,,,
16948,Accepted,,,,,
16949,Accepted,,,,,
16950,Accepted,,,,,
16951,Accepted,,,,,
16952,Accepted,,,,,
16953,Accepted,,,,,
16954,Accepted,,,,,
16955,Accepted,,,,,
16956,Accepted,,,,,
16957,Accepted,,,,,
16958,Accepted,,,,,
16959,Accepted,,,,,
16960,Accepted,,,,,
16961,Accepted,,,,,
16962,Accepted,,,,,
16963,Accepted,,,,,
16964,Accepted,,,,,
16965,Accepted,,,,,
16966,Accepted,,,,,
16967,Accepted,,,,,
16968,Accepted,,,,,
16969,Accepted,,,,,
16970,Accepted,,,,,
16971,Accepted,,,,,
16972,Accepted,,,,,
16973,Accepted,,,,,
16974,Accepted,,,,,
16975,Accepted,,,,,
16976,Accepted,,,,,
16977,Accepted,,,,,
16978,Accepted,,,,,
16979,Accepted,,,,,
16980,Accepted,,,,,
16981,Accepted,,,,,
16982,Accepted,,,,,
16983,Accepted,,,,,
16984,Accepted,,,,,
16985,Accepted,,,,,
16986,Accepted,,,,,
16987,Accepted,,,,,
16988,Accepted,,,,,
16989,Accepted,,,,,
16990,Accepted,,,,,
16991,Accepted,,,,,
16992,Accepted,,,,,
16993,Accepted,,,,,
16994,Accepted,,,,,
16995,Accepted,,,,,
16996,Accepted,,,,,
16997,Accepted,,,,,
16998,Accepted,,,,,
16999,Accepted,,,,,
17000,Accepted,,,,,
17001,Accepted,,,,,
17002,Accepted,,,,,
17003,Accepted,,,,,
17004,Accepted,,,,,
17005,Accepted,,,,,
17006,Accepted,,,,,
17007,Accepted,,,,,
17008,Accepted,,,,,
17009,Accepted,,,,,
17010,Accepted,,,,,
17011,Accepted,,,,,
17012,Accepted,,,,,
17013,Accepted,,,,,
17014,Accepted,,,,,
17015,Accepted,,,,,
17016,Accepted,,,,,
17017,Accepted,,,,,
17018,Accepted,,,,,
17019,Accepted,,,,,
17020,Accepted,,,,,
17021,Accepted,,,,,
17022,Accepted,,,,,
17023,Accepted,,,,,
17024,Accepted,,,,,
17025,Accepted,,,,,
17026,Accepted,,,,,
17027,Accepted,,,,,
17028,Accepted,,,,,
17029,Accepted,,,,,
17030,Accepted,,,,,
17031,Accepted,,,,,
17032,Accepted,,,,,
17033,Accepted,,,,,
17034,Accepted,,,,,
17035,Accepted,,,,,
17036,Accepted,,,,,
17037,Accepted,,,,,
17038,Accepted,,,,,
17039,Accepted,,,,,
17040,Accepted,,,,,
17041,Accepted,,,,,
17042,Accepted,,,,,
17043,Accepted,,,,,
17044,Accepted,,,,,
17045,Accepted,,,,,
17046,Accepted,,,,,
17047,Accepted,,,,,
17048,Accepted,,,,,
17049,Accepted,,,,,
17050,Accepted,,,,,
17051,Accepted,,,,,
17052,Accepted,,,,,
17053,Accepted,,,,,
17054,Accepted,,,,,
17055,Accepted,,,,,
17056,Accepted,,,,,
17057,Accepted,,,,,
17058,Accepted,,,,,
17059,Accepted,,,,,
17060,Accepted,,,,,
17061,Accepted,,,,,
17062,Accepted,,,,,
17063,Accepted,,,,,
17064,Accepted,,,,,
17065,Accepted,,,,,
17066,Accepted,,,,,
17067,Accepted,,,,,
17068,Accepted,,,,,
17069,Accepted,,,,,
17070,Accepted,,,,,
17071,Accepted,,,,,
17072,Accepted,,,,,
17073,Accepted,,,,,
17074,Accepted,,,,,
17075,Accepted,,,,,
17076,Accepted,,,,,
17077,Accepted,,,,,
17078,Accepted,,,,,
17079,Accepted,,,,,
17080,Accepted,,,,,
17081,Accepted,,,,,
17082,Accepted,,,,,
17083,Accepted,,,,,
17084,Accepted,,,,,
17085,Accepted,,,,,
17086,Accepted,,,,,
17087,Accepted,,,,,
17088,Accepted,,,,,
17089,Accepted,,,,,
17090,Accepted,,,,,
17091,Accepted,,,,,
17092,Accepted,,,,,
17093,Accepted,,,,,
17094,Accepted,,,,,
17095,Accepted,,,,,
17096,Accepted,,,,,
17097,Accepted,,,,,
17098,Accepted,,,,,
17099,Accepted,,,,,
17100,Accepted,,,,,
17101,Accepted,,,,,
17102,Accepted,,,,,
17103,Accepted,,,,,
17104,Accepted,,,,,
17105,Accepted,,,,,
17106,Accepted,,,,,
17107,Accepted,,,,,
17108,Accepted,,,,,
17109,Accepted,,,,,
17110,Accepted,,,,,
17111,Accepted,,,,,
17112,Accepted,,,,,
17113,Accepted,,,,,
17114,Accepted,,,,,
17115,Accepted,,,,,
17116,Accepted,,,,,
17117,Accepted,,,,,
17118,Accepted,,,,,
17119,Accepted,,,,,
17120,Accepted,,,,,
17121,Accepted,,,,,
17122,Accepted,,,,,
17123,Accepted,,,,,
17124,Accepted,,,,,
17125,Accepted,,,,,
17126,Accepted,,,,,
17127,Accepted,,,,,
17128,Accepted,,,,,
17129,Accepted,,,,,
17130,Accepted,,,,,
17131,Accepted,,,,,
17132,Accepted,,,,,
17133,Accepted,,,,,
17134,Accepted,,,,,
17135,Accepted,,,,,
17136,Accepted,,,,,
17137,Accepted,,,,,
17138,Accepted,,,,,
17139,Accepted,,,,,
17140,Accepted,,,,,
17141,Accepted,,,,,
17142,Accepted,,,,,
17143,Accepted,,,,,
17144,Accepted,,,,,
17145,Accepted,,,,,
17146,Accepted,,,,,
17147,Accepted,,,,,
17148,Accepted,,,,,
17149,Accepted,,,,,
17150,Accepted,,,,,
17151,Accepted,,,,,
17152,Accepted,,,,,
17153,Accepted,,,,,
17154,Accepted,,,,,
17155,Accepted,,,,,
17156,Accepted,,,,,
17157,Accepted,,,,,
17158,Accepted,,,,,
17159,Accepted,,,,,
17160,Accepted,,,,,
17161,Accepted,,,,,
17162,Accepted,,,,,
17163,Accepted,,,,,
17164,Accepted,,,,,
17165,Accepted,,,,,
17166,Accepted,,,,,
17167,Accepted,,,,,
17168,Accepted,,,,,
17169,Accepted,,,,,
17170,Accepted,,,,,
17171,Accepted,,,,,
17172,Accepted,,,,,
17173,Accepted,,,,,
17174,Accepted,,,,,
17175,Accepted,,,,,
17176,Accepted,,,,,
17177,Accepted,,,,,
17178,Accepted,,,,,
17179,Accepted,,,,,
17180,Accepted,,,,,
17181,Accepted,,,,,
17182,Accepted,,,,,
17183,Accepted,,,,,
17184,Accepted,,,,,
17185,Accepted,,,,,
17186,Accepted,,,,,
17187,Accepted,,,,,
17188,Accepted,,,,,
17189,Accepted,,,,,
17190,Accepted,,,,,
17191,Accepted,,,,,
17192,Accepted,,,,,
17193,Accepted,,,,,
17194,Accepted,,,,,
17195,Accepted,,,,,
17196,Accepted,,,,,
17197,Accepted,,,,,
17198,Accepted,,,,,
17199,Accepted,,,,,
17200,Accepted,,,,,
17201,Accepted,,,,,
17202,Accepted,,,,,
17203,Accepted,,,,,
17204,Accepted,,,,,
17205,Accepted,,,,,
17206,Accepted,,,,,
17207,Accepted,,,,,
17208,Accepted,,,,,
17209,Accepted,,,,,
17210,Accepted,,,,,
17211,Accepted,,,,,
17212,Accepted,,,,,
17213,Accepted,,,,,
17214,Accepted,,,,,
17215,Accepted,,,,,
17216,Accepted,,,,,
17217,Accepted,,,,,
17218,Accepted,,,,,
17219,Accepted,,,,,
17220,Accepted,,,,,
17221,Accepted,,,,,
17222,Accepted,,,,,
17223,Accepted,,,,,
17224,Accepted,,,,,
17225,Accepted,,,,,
17226,Accepted,,,,,
17227,Accepted,,,,,
17228,Accepted,,,,,
17229,Accepted,,,,,
17230,Accepted,,,,,
17231,Accepted,,,,,
17232,Accepted,,,,,
17233,Accepted,,,,,
17234,Accepted,,,,,
17235,Accepted,,,,,
17236,Accepted,,,,,
17237,Accepted,,,,,
17238,Accepted,,,,,
17239,Accepted,,,,,
17240,Accepted,,,,,
17241,Accepted,,,,,
17242,Accepted,,,,,
17243,Accepted,,,,,
17244,Accepted,,,,,
17245,Accepted,,,,,
17246,Accepted,,,,,
17247,Accepted,,,,,
17248,Accepted,,,,,
17249,Accepted,,,,,
17250,Accepted,,,,,
17251,Accepted,,,,,
17252,Accepted,,,,,
17253,Accepted,,,,,
17254,Accepted,,,,,
17255,Accepted,,,,,
17256,Accepted,,,,,
17257,Accepted,,,,,
17258,Accepted,,,,,
17259,Accepted,,,,,
17260,Accepted,,,,,
17261,Accepted,,,,,
17262,Accepted,,,,,
17263,Accepted,,,,,
17264,Accepted,,,,,
17265,Accepted,,,,,
17266,Accepted,,,,,
17267,Accepted,,,,,
17268,Accepted,,,,,
17269,Accepted,,,,,
17270,Accepted,,,,,
17271,Accepted,,,,,
17272,Accepted,,,,,
17273,Accepted,,,,,
17274,Accepted,,,,,
17275,Accepted,,,,,
17276,Accepted,,,,,
17277,Accepted,,,,,
17278,Accepted,,,,,
17279,Accepted,,,,,
17280,Accepted,,,,,
17281,Accepted,,,,,
17282,Accepted,,,,,
17283,Accepted,,,,,
17284,Accepted,,,,,
17285,Accepted,,,,,
17286,Accepted,,,,,
17287,Accepted,,,,,
17288,Accepted,,,,,
17289,Accepted,,,,,
17290,Accepted,,,,,
17291,Accepted,,,,,
17292,Accepted,,,,,
17293,Accepted,,,,,
17294,Accepted,,,,,
17295,Accepted,,,,,
17296,Accepted,,,,,
17297,Accepted,,,,,
17298,Accepted,,,,,
17299,Accepted,,,,,
17300,Accepted,,,,,
17301,Accepted,,,,,
17302,Accepted,,,,,
17303,Accepted,,,,,
17304,Accepted,,,,,
17305,Accepted,,,,,
17306,Accepted,,,,,
17307,Accepted,,,,,
17308,Accepted,,,,,
17309,Accepted,,,,,
17310,Accepted,,,,,
17311,Accepted,,,,,
17312,Accepted,,,,,
17313,Accepted,,,,,
17314,Accepted,,,,,
17315,Accepted,,,,,
17316,Accepted,,,,,
17317,Accepted,,,,,
17318,Accepted,,,,,
17319,Accepted,,,,,
17320,Accepted,,,,,
17321,Accepted,,,,,
17322,Accepted,,,,,
17323,Accepted,,,,,
17324,Accepted,,,,,
17325,Accepted,,,,,
17326,Accepted,,,,,
17327,Accepted,,,,,
17328,Accepted,,,,,
17329,Accepted,,,,,
17330,Accepted,,,,,
17331,Accepted,,,,,
17332,Accepted,,,,,
17333,Accepted,,,,,
17334,Accepted,,,,,
17335,Accepted,,,,,
17336,Accepted,,,,,
17337,Accepted,,,,,
17338,Accepted,,,,,
17339,Accepted,,,,,
17340,Accepted,,,,,
17341,Accepted,,,,,
17342,Accepted,,,,,
17343,Accepted,,,,,
17344,Accepted,,,,,
17345,Accepted,,,,,
17346,Accepted,,,,,
17347,Accepted,,,,,
17348,Accepted,,,,,
17349,Accepted,,,,,
17350,Accepted,,,,,
17351,Accepted,,,,,
17352,Accepted,,,,,
17353,Accepted,,,,,
17354,Accepted,,,,,
17355,Accepted,,,,,
17356,Accepted,,,,,
17357,Accepted,,,,,
17358,Accepted,,,,,
17359,Accepted,,,,,
17360,Accepted,,,,,
17361,Accepted,,,,,
17362,Accepted,,,,,
17363,Accepted,,,,,
17364,Accepted,,,,,
17365,Accepted,,,,,
17366,Accepted,,,,,
17367,Accepted,,,,,
17368,Accepted,,,,,
17369,Accepted,,,,,
17370,Accepted,,,,,
17371,Accepted,,,,,
17372,Accepted,,,,,
17373,Accepted,,,,,
17374,Accepted,,,,,
17375,Accepted,,,,,
17376,Accepted,,,,,
17377,Accepted,,,,,
17378,Accepted,,,,,
17379,Accepted,,,,,
17380,Accepted,,,,,
17381,Accepted,,,,,
17382,Accepted,,,,,
17383,Accepted,,,,,
17384,Accepted,,,,,
17385,Accepted,,,,,
17386,Accepted,,,,,
17387,Accepted,,,,,
17388,Accepted,,,,,
17389,Accepted,,,,,
17390,Accepted,,,,,
17391,Accepted,,,,,
17392,Accepted,,,,,
17393,Accepted,,,,,
17394,Accepted,,,,,
17395,Accepted,,,,,
17396,Accepted,,,,,
17397,Accepted,,,,,
17398,Accepted,,,,,
17399,Accepted,,,,,
17400,Accepted,,,,,
17401,Accepted,,,,,
17402,Accepted,,,,,
17403,Accepted,,,,,
17404,Accepted,,,,,
17405,Accepted,,,,,
17406,Accepted,,,,,
17407,Accepted,,,,,
17408,Accepted,,,,,
17409,Accepted,,,,,
17410,Accepted,,,,,
17411,Accepted,,,,,
17412,Accepted,,,,,
17413,Accepted,,,,,
17414,Accepted,,,,,
17415,Accepted,,,,,
17416,Accepted,,,,,
17417,Accepted,,,,,
17418,Accepted,,,,,
17419,Accepted,,,,,
17420,Accepted,,,,,
17421,Accepted,,,,,
17422,Accepted,,,,,
17423,Accepted,,,,,
17424,Accepted,,,,,
17425,Accepted,,,,,
17426,Accepted,,,,,
17427,Accepted,,,,,
17428,Accepted,,,,,
17429,Accepted,,,,,
17430,Accepted,,,,,
17431,Accepted,,,,,
17432,Accepted,,,,,
17433,Accepted,,,,,
17434,Accepted,,,,,
17435,Accepted,,,,,
17436,Accepted,,,,,
17437,Accepted,,,,,
17438,Accepted,,,,,
17439,Accepted,,,,,
17440,Accepted,,,,,
17441,Accepted,,,,,
17442,Accepted,,,,,
17443,Accepted,,,,,
17444,Accepted,,,,,
17445,Accepted,,,,,
17446,Accepted,,,,,
17447,Accepted,,,,,
17448,Accepted,,,,,
17449,Accepted,,,,,
17450,Accepted,,,,,
17451,Accepted,,,,,
17452,Accepted,,,,,
17453,Accepted,,,,,
17454,Accepted,,,,,
17455,Accepted,,,,,
17456,Accepted,,,,,
17457,Accepted,,,,,
17458,Accepted,,,,,
17459,Accepted,,,,,
17460,Accepted,,,,,
17461,Accepted,,,,,
17462,Accepted,,,,,
17463,Accepted,,,,,
17464,Accepted,,,,,
17465,Accepted,,,,,
17466,Accepted,,,,,
17467,Accepted,,,,,
17468,Accepted,,,,,
17469,Accepted,,,,,
17470,Accepted,,,,,
17471,Accepted,,,,,
17472,Accepted,,,,,
17473,Accepted,,,,,
17474,Accepted,,,,,
17475,Accepted,,,,,
17476,Accepted,,,,,
17477,Accepted,,,,,
17478,Accepted,,,,,
17479,Accepted,,,,,
17480,Accepted,,,,,
17481,Accepted,,,,,
17482,Accepted,,,,,
17483,Accepted,,,,,
17484,Accepted,,,,,
17485,Accepted,,,,,
17486,Accepted,,,,,
17487,Accepted,,,,,
17488,Accepted,,,,,
17489,Accepted,,,,,
17490,Accepted,,,,,
17491,Accepted,,,,,
17492,Accepted,,,,,
17493,Accepted,,,,,
17494,Accepted,,,,,
17495,Accepted,,,,,
17496,Accepted,,,,,
17497,Accepted,,,,,
17498,Accepted,,,,,
17499,Accepted,,,,,
17500,Accepted,,,,,
17501,Accepted,,,,,
17502,Accepted,,,,,
17503,Accepted,,,,,
17504,Accepted,,,,,
17505,Accepted,,,,,
17506,Accepted,,,,,
17507,Accepted,,,,,
17508,Accepted,,,,,
17509,Accepted,,,,,
17510,Accepted,,,,,
17511,Accepted,,,,,
17512,Accepted,,,,,
17513,Accepted,,,,,
17514,Accepted,,,,,
17515,Accepted,,,,,
17516,Accepted,,,,,
17517,Accepted,,,,,
17518,Accepted,,,,,
17519,Accepted,,,,,
17520,Accepted,,,,,
17521,Accepted,,,,,
17522,Accepted,,,,,
17523,Accepted,,,,,
17524,Accepted,,,,,
17525,Accepted,,,,,
17526,Accepted,,,,,
17527,Accepted,,,,,
17528,Accepted,,,,,
17529,Accepted,,,,,
17530,Accepted,,,,,
17531,Accepted,,,,,
17532,Accepted,,,,,
17533,Accepted,,,,,
17534,Accepted,,,,,
17535,Accepted,,,,,
17536,Accepted,,,,,
17537,Accepted,,,,,
17538,Accepted,,,,,
17539,Accepted,,,,,
17540,Accepted,,,,,
17541,Accepted,,,,,
17542,Accepted,,,,,
17543,Accepted,,,,,
17544,Accepted,,,,,
17545,Accepted,,,,,
17546,Accepted,,,,,
17547,Accepted,,,,,
17548,Accepted,,,,,
17549,Accepted,,,,,
17550,Accepted,,,,,
17551,Accepted,,,,,
17552,Accepted,,,,,
17553,Accepted,,,,,
17554,Accepted,,,,,
17555,Accepted,,,,,
17556,Accepted,,,,,
17557,Accepted,,,,,
17558,Accepted,,,,,
17559,Accepted,,,,,
17560,Accepted,,,,,
17561,Accepted,,,,,
17562,Accepted,,,,,
17563,Accepted,,,,,
17564,Accepted,,,,,
17565,Accepted,,,,,
17566,Accepted,,,,,
17567,Accepted,,,,,
17568,Accepted,,,,,
17569,Accepted,,,,,
17570,Accepted,,,,,
17571,Accepted,,,,,
17572,Accepted,,,,,
17573,Accepted,,,,,
17574,Accepted,,,,,
17575,Accepted,,,,,
17576,Accepted,,,,,
17577,Accepted,,,,,
17578,Accepted,,,,,
17579,Accepted,,,,,
17580,Accepted,,,,,
17581,Accepted,,,,,
17582,Accepted,,,,,
17583,Accepted,,,,,
17584,Accepted,,,,,
17585,Accepted,,,,,
17586,Accepted,,,,,
17587,Accepted,,,,,
17588,Accepted,,,,,
17589,Accepted,,,,,
17590,Accepted,,,,,
17591,Accepted,,,,,
17592,Accepted,,,,,
17593,Accepted,,,,,
17594,Accepted,,,,,
17595,Accepted,,,,,
17596,Accepted,,,,,
17597,Accepted,,,,,
17598,Accepted,,,,,
17599,Accepted,,,,,
17600,Accepted,,,,,
17601,Accepted,,,,,
17602,Accepted,,,,,
17603,Accepted,,,,,
17604,Accepted,,,,,
17605,Accepted,,,,,
17606,Accepted,,,,,
17607,Accepted,,,,,
17608,Accepted,,,,,
17609,Accepted,,,,,
17610,Accepted,,,,,
17611,Accepted,,,,,
17612,Accepted,,,,,
17613,Accepted,,,,,
17614,Accepted,,,,,
17615,Accepted,,,,,
17616,Accepted,,,,,
17617,Accepted,,,,,
17618,Accepted,,,,,
17619,Accepted,,,,,
17620,Accepted,,,,,
17621,Accepted,,,,,
17622,Accepted,,,,,
17623,Accepted,,,,,
17624,Accepted,,,,,
17625,Accepted,,,,,
17626,Accepted,,,,,
17627,Accepted,,,,,
17628,Accepted,,,,,
17629,Accepted,,,,,
17630,Accepted,,,,,
17631,Accepted,,,,,
17632,Accepted,,,,,
17633,Accepted,,,,,
17634,Accepted,,,,,
17635,Accepted,,,,,
17636,Accepted,,,,,
17637,Accepted,,,,,
17638,Accepted,,,,,
17639,Accepted,,,,,
17640,Accepted,,,,,
17641,Accepted,,,,,
17642,Accepted,,,,,
17643,Accepted,,,,,
17644,Accepted,,,,,
17645,Accepted,,,,,
17646,Accepted,,,,,
17647,Accepted,,,,,
17648,Accepted,,,,,
17649,Accepted,,,,,
17650,Accepted,,,,,
17651,Accepted,,,,,
17652,Accepted,,,,,
17653,Accepted,,,,,
17654,Accepted,,,,,
17655,Accepted,,,,,
17656,Accepted,,,,,
17657,Accepted,,,,,
17658,Accepted,,,,,
17659,Accepted,,,,,
17660,Accepted,,,,,
17661,Accepted,,,,,
17662,Accepted,,,,,
17663,Accepted,,,,,
17664,Accepted,,,,,
17665,Accepted,,,,,
17666,Accepted,,,,,
17667,Accepted,,,,,
17668,Accepted,,,,,
17669,Accepted,,,,,
17670,Accepted,,,,,
17671,Accepted,,,,,
17672,Accepted,,,,,
17673,Accepted,,,,,
17674,Accepted,,,,,
17675,Accepted,,,,,
17676,Accepted,,,,,
17677,Accepted,,,,,
17678,Accepted,,,,,
17679,Accepted,,,,,
17680,Accepted,,,,,
17681,Accepted,,,,,
17682,Accepted,,,,,
17683,Accepted,,,,,
17684,Accepted,,,,,
17685,Accepted,,,,,
17686,Accepted,,,,,
17687,Accepted,,,,,
17688,Accepted,,,,,
17689,Accepted,,,,,
17690,Accepted,,,,,
17691,Accepted,,,,,
17692,Accepted,,,,,
17693,Accepted,,,,,
17694,Accepted,,,,,
17695,Accepted,,,,,
17696,Accepted,,,,,
17697,Accepted,,,,,
17698,Accepted,,,,,
17699,Accepted,,,,,
17700,Accepted,,,,,
17701,Accepted,,,,,
17702,Accepted,,,,,
17703,Accepted,,,,,
17704,Accepted,,,,,
17705,Accepted,,,,,
17706,Accepted,,,,,
17707,Accepted,,,,,
17708,Accepted,,,,,
17709,Accepted,,,,,
17710,Accepted,,,,,
17711,Accepted,,,,,
17712,Accepted,,,,,
17713,Accepted,,,,,
17714,Accepted,,,,,
17715,Accepted,,,,,
17716,Accepted,,,,,
17717,Accepted,,,,,
17718,Accepted,,,,,
17719,Accepted,,,,,
17720,Accepted,,,,,
17721,Accepted,,,,,
17722,Accepted,,,,,
17723,Accepted,,,,,
17724,Accepted,,,,,
17725,Accepted,,,,,
17726,Accepted,,,,,
17727,Accepted,,,,,
17728,Accepted,,,,,
17729,Accepted,,,,,
17730,Accepted,,,,,
17731,Accepted,,,,,
17732,Accepted,,,,,
17733,Accepted,,,,,
17734,Accepted,,,,,
17735,Accepted,,,,,
17736,Accepted,,,,,
17737,Accepted,,,,,
17738,Accepted,,,,,
17739,Accepted,,,,,
17740,Accepted,,,,,
17741,Accepted,,,,,
17742,Accepted,,,,,
17743,Accepted,,,,,
17744,Accepted,,,,,
17745,Accepted,,,,,
17746,Accepted,,,,,
17747,Accepted,,,,,
17748,Accepted,,,,,
17749,Accepted,,,,,
17750,Accepted,,,,,
17751,Accepted,,,,,
17752,Accepted,,,,,
17753,Accepted,,,,,
17754,Accepted,,,,,
17755,Accepted,,,,,
17756,Accepted,,,,,
17757,Accepted,,,,,
17758,Accepted,,,,,
17759,Accepted,,,,,
17760,Accepted,,,,,
17761,Accepted,,,,,
17762,Accepted,,,,,
17763,Accepted,,,,,
17764,Accepted,,,,,
17765,Accepted,,,,,
17766,Accepted,,,,,
17767,Accepted,,,,,
17768,Accepted,,,,,
17769,Accepted,,,,,
17770,Accepted,,,,,
17771,Accepted,,,,,
17772,Accepted,,,,,
17773,Accepted,,,,,
17774,Accepted,,,,,
17775,Accepted,,,,,
17776,Accepted,,,,,
17777,Accepted,,,,,
17778,Accepted,,,,,
17779,Accepted,,,,,
17780,Accepted,,,,,
17781,Accepted,,,,,
17782,Accepted,,,,,
17783,Accepted,,,,,
17784,Accepted,,,,,
17785,Accepted,,,,,
17786,Accepted,,,,,
17787,Accepted,,,,,
17788,Accepted,,,,,
17789,Accepted,,,,,
17790,Accepted,,,,,
17791,Accepted,,,,,
17792,Accepted,,,,,
17793,Accepted,,,,,
17794,Accepted,,,,,
17795,Accepted,,,,,
17796,Accepted,,,,,
17797,Accepted,,,,,
17798,Accepted,,,,,
17799,Accepted,,,,,
17800,Accepted,,,,,
17801,Accepted,,,,,
17802,Accepted,,,,,
17803,Accepted,,,,,
17804,Accepted,,,,,
17805,Accepted,,,,,
17806,Accepted,,,,,
17807,Accepted,,,,,
17808,Accepted,,,,,
17809,Accepted,,,,,
17810,Accepted,,,,,
17811,Accepted,,,,,
17812,Accepted,,,,,
17813,Accepted,,,,,
17814,Accepted,,,,,
17815,Accepted,,,,,
17816,Accepted,,,,,
17817,Accepted,,,,,
17818,Accepted,,,,,
17819,Accepted,,,,,
17820,Accepted,,,,,
17821,Accepted,,,,,
17822,Accepted,,,,,
17823,Accepted,,,,,
17824,Accepted,,,,,
17825,Accepted,,,,,
17826,Accepted,,,,,
17827,Accepted,,,,,
17828,Accepted,,,,,
17829,Accepted,,,,,
17830,Accepted,,,,,
17831,Accepted,,,,,
17832,Accepted,,,,,
17833,Accepted,,,,,
17834,Accepted,,,,,
17835,Accepted,,,,,
17836,Accepted,,,,,
17837,Accepted,,,,,
17838,Accepted,,,,,
17839,Accepted,,,,,
17840,Accepted,,,,,
17841,Accepted,,,,,
17842,Accepted,,,,,
17843,Accepted,,,,,
17844,Accepted,,,,,
17845,Accepted,,,,,
17846,Accepted,,,,,
17847,Accepted,,,,,
17848,Accepted,,,,,
17849,Accepted,,,,,
17850,Accepted,,,,,
17851,Accepted,,,,,
17852,Accepted,,,,,
17853,Accepted,,,,,
17854,Accepted,,,,,
17855,Accepted,,,,,
17856,Accepted,,,,,
17857,Accepted,,,,,
17858,Accepted,,,,,
17859,Accepted,,,,,
17860,Accepted,,,,,
17861,Accepted,,,,,
17862,Accepted,,,,,
17863,Accepted,,,,,
17864,Accepted,,,,,
17865,Accepted,,,,,
17866,Accepted,,,,,
17867,Accepted,,,,,
17868,Accepted,,,,,
17869,Accepted,,,,,
17870,Accepted,,,,,
17871,Accepted,,,,,
17872,Accepted,,,,,
17873,Accepted,,,,,
17874,Accepted,,,,,
17875,Accepted,,,,,
17876,Accepted,,,,,
17877,Accepted,,,,,
17878,Accepted,,,,,
17879,Accepted,,,,,
17880,Accepted,,,,,
17881,Accepted,,,,,
17882,Accepted,,,,,
17883,Accepted,,,,,
17884,Accepted,,,,,
17885,Accepted,,,,,
17886,Accepted,,,,,
17887,Accepted,,,,,
17888,Accepted,,,,,
17889,Accepted,,,,,
17890,Accepted,,,,,
17891,Accepted,,,,,
17892,Accepted,,,,,
17893,Accepted,,,,,
17894,Accepted,,,,,
17895,Accepted,,,,,
17896,Accepted,,,,,
17897,Accepted,,,,,
17898,Accepted,,,,,
17899,Accepted,,,,,
17900,Accepted,,,,,
17901,Accepted,,,,,
17902,Accepted,,,,,
17903,Accepted,,,,,
17904,Accepted,,,,,
17905,Accepted,,,,,
17906,Accepted,,,,,
17907,Accepted,,,,,
17908,Accepted,,,,,
17909,Accepted,,,,,
17910,Accepted,,,,,
17911,Accepted,,,,,
17912,Accepted,,,,,
17913,Accepted,,,,,
17914,Accepted,,,,,
17915,Accepted,,,,,
17916,Accepted,,,,,
17917,Accepted,,,,,
17918,Accepted,,,,,
17919,Accepted,,,,,
17920,Accepted,,,,,
17921,Accepted,,,,,
17922,Accepted,,,,,
17923,Accepted,,,,,
17924,Accepted,,,,,
17925,Accepted,,,,,
17926,Accepted,,,,,
17927,Accepted,,,,,
17928,Accepted,,,,,
17929,Accepted,,,,,
17930,Accepted,,,,,
17931,Accepted,,,,,
17932,Accepted,,,,,
17933,Accepted,,,,,
17934,Accepted,,,,,
17935,Accepted,,,,,
17936,Accepted,,,,,
17937,Accepted,,,,,
17938,Accepted,,,,,
17939,Accepted,,,,,
17940,Accepted,,,,,
17941,Accepted,,,,,
17942,Accepted,,,,,
17943,Accepted,,,,,
17944,Accepted,,,,,
17945,Accepted,,,,,
17946,Accepted,,,,,
17947,Accepted,,,,,
17948,Accepted,,,,,
17949,Accepted,,,,,
17950,Accepted,,,,,
17951,Accepted,,,,,
17952,Accepted,,,,,
17953,Accepted,,,,,
17954,Accepted,,,,,
17955,Accepted,,,,,
17956,Accepted,,,,,
17957,Accepted,,,,,
17958,Accepted,,,,,
17959,Accepted,,,,,
17960,Accepted,,,,,
17961,Accepted,,,,,
17962,Accepted,,,,,
17963,Accepted,,,,,
17964,Accepted,,,,,
17965,Accepted,,,,,
17966,Accepted,,,,,
17967,Accepted,,,,,
17968,Accepted,,,,,
17969,Accepted,,,,,
17970,Accepted,,,,,
17971,Accepted,,,,,
17972,Accepted,,,,,
17973,Accepted,,,,,
17974,Accepted,,,,,
17975,Accepted,,,,,
17976,Accepted,,,,,
17977,Accepted,,,,,
17978,Accepted,,,,,
17979,Accepted,,,,,
17980,Accepted,,,,,
17981,Accepted,,,,,
17982,Accepted,,,,,
17983,Accepted,,,,,
17984,Accepted,,,,,
17985,Accepted,,,,,
17986,Accepted,,,,,
17987,Accepted,,,,,
17988,Accepted,,,,,
17989,Accepted,,,,,
17990,Accepted,,,,,
17991,Accepted,,,,,
17992,Accepted,,,,,
17993,Accepted,,,,,
17994,Accepted,,,,,
17995,Accepted,,,,,
17996,Accepted,,,,,
17997,Accepted,,,,,
17998,Accepted,,,,,
17999,Accepted,,,,,
18000,Accepted,,,,,
18001,Accepted,,,,,
18002,Accepted,,,,,
18003,Accepted,,,,,
18004,Accepted,,,,,
18005,Accepted,,,,,
18006,Accepted,,,,,
18007,Accepted,,,,,
18008,Accepted,,,,,
18009,Accepted,,,,,
18010,Accepted,,,,,
18011,Accepted,,,,,
18012,Accepted,,,,,
18013,Accepted,,,,,
18014,Accepted,,,,,
18015,Accepted,,,,,
18016,Accepted,,,,,
18017,Accepted,,,,,
18018,Accepted,,,,,
18019,Accepted,,,,,
18020,Accepted,,,,,
18021,Accepted,,,,,
18022,Accepted,,,,,
18023,Accepted,,,,,
18024,Accepted,,,,,
18025,Accepted,,,,,
18026,Accepted,,,,,
18027,Accepted,,,,,
18028,Accepted,,,,,
18029,Accepted,,,,,
18030,Accepted,,,,,
18031,Accepted,,,,,
18032,Accepted,,,,,
18033,Accepted,,,,,
18034,Accepted,,,,,
18035,Accepted,,,,,
18036,Accepted,,,,,
18037,Accepted,,,,,
18038,Accepted,,,,,
18039,Accepted,,,,,
18040,Accepted,,,,,
18041,Accepted,,,,,
18042,Accepted,,,,,
18043,Accepted,,,,,
18044,Accepted,,,,,
18045,Accepted,,,,,
18046,Accepted,,,,,
18047,Accepted,,,,,
18048,Accepted,,,,,
18049,Accepted,,,,,
18050,Accepted,,,,,
18051,Accepted,,,,,
18052,Accepted,,,,,
18053,Accepted,,,,,
18054,Accepted,,,,,
18055,Accepted,,,,,
18056,Accepted,,,,,
18057,Accepted,,,,,
18058,Accepted,,,,,
18059,Accepted,,,,,
18060,Accepted,,,,,
18061,Accepted,,,,,
18062,Accepted,,,,,
18063,Accepted,,,,,
18064,Accepted,,,,,
18065,Accepted,,,,,
18066,Accepted,,,,,
18067,Accepted,,,,,
18068,Accepted,,,,,
18069,Accepted,,,,,
18070,Accepted,,,,,
18071,Accepted,,,,,
18072,Accepted,,,,,
18073,Accepted,,,,,
18074,Accepted,,,,,
18075,Accepted,,,,,
18076,Accepted,,,,,
18077,Accepted,,,,,
18078,Accepted,,,,,
18079,Accepted,,,,,
18080,Accepted,,,,,
18081,Accepted,,,,,
18082,Accepted,,,,,
18083,Accepted,,,,,
18084,Accepted,,,,,
18085,Accepted,,,,,
18086,Accepted,,,,,
18087,Accepted,,,,,
18088,Accepted,,,,,
18089,Accepted,,,,,
18090,Accepted,,,,,
18091,Accepted,,,,,
18092,Accepted,,,,,
18093,Accepted,,,,,
18094,Accepted,,,,,
18095,Accepted,,,,,
18096,Accepted,,,,,
18097,Accepted,,,,,
18098,Accepted,,,,,
18099,Accepted,,,,,
18100,Accepted,,,,,
18101,Accepted,,,,,
18102,Accepted,,,,,
18103,Accepted,,,,,
18104,Accepted,,,,,
18105,Accepted,,,,,
18106,Accepted,,,,,
18107,Accepted,,,,,
18108,Accepted,,,,,
18109,Accepted,,,,,
18110,Accepted,,,,,
18111,Accepted,,,,,
18112,Accepted,,,,,
18113,Accepted,,,,,
18114,Accepted,,,,,
18115,Accepted,,,,,
18116,Accepted,,,,,
18117,Accepted,,,,,
18118,Accepted,,,,,
18119,Accepted,,,,,
18120,Accepted,,,,,
18121,Accepted,,,,,
18122,Accepted,,,,,
18123,Accepted,,,,,
18124,Accepted,,,,,
18125,Accepted,,,,,
18126,Accepted,,,,,
18127,Accepted,,,,,
18128,Accepted,,,,,
18129,Accepted,,,,,
18130,Accepted,,,,,
18131,Accepted,,,,,
18132,Accepted,,,,,
18133,Accepted,,,,,
18134,Accepted,,,,,
18135,Accepted,,,,,
18136,Accepted,,,,,
18137,Accepted,,,,,
18138,Accepted,,,,,
18139,Accepted,,,,,
18140,Accepted,,,,,
18141,Accepted,,,,,
18142,Accepted,,,,,
18143,Accepted,,,,,
18144,Accepted,,,,,
18145,Accepted,,,,,
18146,Accepted,,,,,
18147,Accepted,,,,,
18148,Accepted,,,,,
18149,Accepted,,,,,
18150,Accepted,,,,,
18151,Accepted,,,,,
18152,Accepted,,,,,
18153,Accepted,,,,,
18154,Accepted,,,,,
18155,Accepted,,,,,
18156,Accepted,,,,,
18157,Accepted,,,,,
18158,Accepted,,,,,
18159,Accepted,,,,,
18160,Accepted,,,,,
18161,Accepted,,,,,
18162,Accepted,,,,,
18163,Accepted,,,,,
18164,Accepted,,,,,
18165,Accepted,,,,,
18166,Accepted,,,,,
18167,Accepted,,,,,
18168,Accepted,,,,,
18169,Accepted,,,,,
18170,Accepted,,,,,
18171,Accepted,,,,,
18172,Accepted,,,,,
18173,Accepted,,,,,
18174,Accepted,,,,,
18175,Accepted,,,,,
18176,Accepted,,,,,
18177,Accepted,,,,,
18178,Accepted,,,,,
18179,Accepted,,,,,
18180,Accepted,,,,,
18181,Accepted,,,,,
18182,Accepted,,,,,
18183,Accepted,,,,,
18184,Accepted,,,,,
18185,Accepted,,,,,
18186,Accepted,,,,,
18187,Accepted,,,,,
18188,Accepted,,,,,
18189,Accepted,,,,,
18190,Accepted,,,,,
18191,Accepted,,,,,
18192,Accepted,,,,,
18193,Accepted,,,,,
18194,Accepted,,,,,
18195,Accepted,,,,,
18196,Accepted,,,,,
18197,Accepted,,,,,
18198,Accepted,,,,,
18199,Accepted,,,,,
18200,Accepted,,,,,
18201,Accepted,,,,,
18202,Accepted,,,,,
18203,Accepted,,,,,
18204,Accepted,,,,,
18205,Accepted,,,,,
18206,Accepted,,,,,
18207,Accepted,,,,,
18208,Accepted,,,,,
18209,Accepted,,,,,
18210,Accepted,,,,,
18211,Accepted,,,,,
18212,Accepted,,,,,
18213,Accepted,,,,,
18214,Accepted,,,,,
18215,Accepted,,,,,
18216,Accepted,,,,,
18217,Accepted,,,,,
18218,Accepted,,,,,
18219,Accepted,,,,,
18220,Accepted,,,,,
18221,Accepted,,,,,
18222,Accepted,,,,,
18223,Accepted,,,,,
18224,Accepted,,,,,
18225,Accepted,,,,,
18226,Accepted,,,,,
18227,Accepted,,,,,
18228,Accepted,,,,,
18229,Accepted,,,,,
18230,Accepted,,,,,
18231,Accepted,,,,,
18232,Accepted,,,,,
18233,Accepted,,,,,
18234,Accepted,,,,,
18235,Accepted,,,,,
18236,Accepted,,,,,
18237,Accepted,,,,,
18238,Accepted,,,,,
18239,Accepted,,,,,
18240,Accepted,,,,,
18241,Accepted,,,,,
18242,Accepted,,,,,
18243,Accepted,,,,,
18244,Accepted,,,,,
18245,Accepted,,,,,
18246,Accepted,,,,,
18247,Accepted,,,,,
18248,Accepted,,,,,
18249,Accepted,,,,,
18250,Accepted,,,,,
18251,Accepted,,,,,
18252,Accepted,,,,,
18253,Accepted,,,,,
18254,Accepted,,,,,
18255,Accepted,,,,,
18256,Accepted,,,,,
18257,Accepted,,,,,
18258,Accepted,,,,,
18259,Accepted,,,,,
18260,Accepted,,,,,
18261,Accepted,,,,,
18262,Accepted,,,,,
18263,Accepted,,,,,
18264,Accepted,,,,,
18265,Accepted,,,,,
18266,Accepted,,,,,
18267,Accepted,,,,,
18268,Accepted,,,,,
18269,Accepted,,,,,
18270,Accepted,,,,,
18271,Accepted,,,,,
18272,Accepted,,,,,
18273,Accepted,,,,,
18274,Accepted,,,,,
18275,Accepted,,,,,
18276,Accepted,,,,,
18277,Accepted,,,,,
18278,Accepted,,,,,
18279,Accepted,,,,,
18280,Accepted,,,,,
18281,Accepted,,,,,
18282,Accepted,,,,,
18283,Accepted,,,,,
18284,Accepted,,,,,
18285,Accepted,,,,,
18286,Accepted,,,,,
18287,Accepted,,,,,
18288,Accepted,,,,,
18289,Accepted,,,,,
18290,Accepted,,,,,
18291,Accepted,,,,,
18292,Accepted,,,,,
18293,Accepted,,,,,
18294,Accepted,,,,,
18295,Accepted,,,,,
18296,Accepted,,,,,
18297,Accepted,,,,,
18298,Accepted,,,,,
18299,Accepted,,,,,
18300,Accepted,,,,,
18301,Accepted,,,,,
18302,Accepted,,,,,
18303,Accepted,,,,,
18304,Accepted,,,,,
18305,Accepted,,,,,
18306,Accepted,,,,,
18307,Accepted,,,,,
18308,Accepted,,,,,
18309,Accepted,,,,,
18310,Accepted,,,,,
18311,Accepted,,,,,
18312,Accepted,,,,,
18313,Accepted,,,,,
18314,Accepted,,,,,
18315,Accepted,,,,,
18316,Accepted,,,,,
18317,Accepted,,,,,
18318,Accepted,,,,,
18319,Accepted,,,,,
18320,Accepted,,,,,
18321,Accepted,,,,,
18322,Accepted,,,,,
18323,Accepted,,,,,
18324,Accepted,,,,,
18325,Accepted,,,,,
18326,Accepted,,,,,
18327,Accepted,,,,,
18328,Accepted,,,,,
18329,Accepted,,,,,
18330,Accepted,,,,,
18331,Accepted,,,,,
18332,Accepted,,,,,
18333,Accepted,,,,,
18334,Accepted,,,,,
18335,Accepted,,,,,
18336,Accepted,,,,,
18337,Accepted,,,,,
18338,Accepted,,,,,
18339,Accepted,,,,,
18340,Accepted,,,,,
18341,Accepted,,,,,
18342,Accepted,,,,,
18343,Accepted,,,,,
18344,Accepted,,,,,
18345,Accepted,,,,,
18346,Accepted,,,,,
18347,Accepted,,,,,
18348,Accepted,,,,,
18349,Accepted,,,,,
18350,Accepted,,,,,
18351,Accepted,,,,,
18352,Accepted,,,,,
18353,Accepted,,,,,
18354,Accepted,,,,,
18355,Accepted,,,,,
18356,Accepted,,,,,
18357,Accepted,,,,,
18358,Accepted,,,,,
18359,Accepted,,,,,
18360,Accepted,,,,,
18361,Accepted,,,,,
18362,Accepted,,,,,
18363,Accepted,,,,,
18364,Accepted,,,,,
18365,Accepted,,,,,
18366,Accepted,,,,,
18367,Accepted,,,,,
18368,Accepted,,,,,
18369,Accepted,,,,,
18370,Accepted,,,,,
18371,Accepted,,,,,
18372,Accepted,,,,,
18373,Accepted,,,,,
18374,Accepted,,,,,
18375,Accepted,,,,,
18376,Accepted,,,,,
18377,Accepted,,,,,
18378,Accepted,,,,,
18379,Accepted,,,,,
18380,Accepted,,,,,
18381,Accepted,,,,,
18382,Accepted,,,,,
18383,Accepted,,,,,
18384,Accepted,,,,,
18385,Accepted,,,,,
18386,Accepted,,,,,
18387,Accepted,,,,,
18388,Accepted,,,,,
18389,Accepted,,,,,
18390,Accepted,,,,,
18391,Accepted,,,,,
18392,Accepted,,,,,
18393,Accepted,,,,,
18394,Accepted,,,,,
18395,Accepted,,,,,
18396,Accepted,,,,,
18397,Accepted,,,,,
18398,Accepted,,,,,
18399,Accepted,,,,,
18400,Accepted,,,,,
18401,Accepted,,,,,
18402,Accepted,,,,,
18403,Accepted,,,,,
18404,Accepted,,,,,
18405,Accepted,,,,,
18406,Accepted,,,,,
18407,Accepted,,,,,
18408,Accepted,,,,,
18409,Accepted,,,,,
18410,Accepted,,,,,
18411,Accepted,,,,,
18412,Accepted,,,,,
18413,Accepted,,,,,
18414,Accepted,,,,,
18415,Accepted,,,,,
18416,Accepted,,,,,
18417,Accepted,,,,,
18418,Accepted,,,,,
18419,Accepted,,,,,
18420,Accepted,,,,,
18421,Accepted,,,,,
18422,Accepted,,,,,
18423,Accepted,,,,,
18424,Accepted,,,,,
18425,Accepted,,,,,
18426,Accepted,,,,,
18427,Accepted,,,,,
18428,Accepted,,,,,
18429,Accepted,,,,,
18430,Accepted,,,,,
18431,Accepted,,,,,
18432,Accepted,,,,,
18433,Accepted,,,,,
18434,Accepted,,,,,
18435,Accepted,,,,,
18436,Accepted,,,,,
18437,Accepted,,,,,
18438,Accepted,,,,,
18439,Accepted,,,,,
18440,Accepted,,,,,
18441,Accepted,,,,,
18442,Accepted,,,,,
18443,Accepted,,,,,
18444,Accepted,,,,,
18445,Accepted,,,,,
18446,Accepted,,,,,
18447,Accepted,,,,,
18448,Accepted,,,,,
18449,Accepted,,,,,
18450,Accepted,,,,,
18451,Accepted,,,,,
18452,Accepted,,,,,
18453,Accepted,,,,,
18454,Accepted,,,,,
18455,Accepted,,,,,
18456,Accepted,,,,,
18457,Accepted,,,,,
18458,Accepted,,,,,
18459,Accepted,,,,,
18460,Accepted,,,,,
18461,Accepted,,,,,
18462,Accepted,,,,,
18463,Accepted,,,,,
18464,Accepted,,,,,
18465,Accepted,,,,,
18466,Accepted,,,,,
18467,Accepted,,,,,
18468,Accepted,,,,,
18469,Accepted,,,,,
18470,Accepted,,,,,
18471,Accepted,,,,,
18472,Accepted,,,,,
18473,Accepted,,,,,
18474,Accepted,,,,,
18475,Accepted,,,,,
18476,Accepted,,,,,
18477,Accepted,,,,,
18478,Accepted,,,,,
18479,Accepted,,,,,
18480,Accepted,,,,,
18481,Accepted,,,,,
18482,Accepted,,,,,
18483,Accepted,,,,,
18484,Accepted,,,,,
18485,Accepted,,,,,
18486,Accepted,,,,,
18487,Accepted,,,,,
18488,Accepted,,,,,
18489,Accepted,,,,,
18490,Accepted,,,,,
18491,Accepted,,,,,
18492,Accepted,,,,,
18493,Accepted,,,,,
18494,Accepted,,,,,
18495,Accepted,,,,,
18496,Accepted,,,,,
18497,Accepted,,,,,
18498,Accepted,,,,,
18499,Accepted,,,,,
18500,Accepted,,,,,
18501,Accepted,,,,,
18502,Accepted,,,,,
18503,Accepted,,,,,
18504,Accepted,,,,,
18505,Accepted,,,,,
18506,Accepted,,,,,
18507,Accepted,,,,,
18508,Accepted,,,,,
18509,Accepted,,,,,
18510,Accepted,,,,,
18511,Accepted,,,,,
18512,Accepted,,,,,
18513,Accepted,,,,,
18514,Accepted,,,,,
18515,Accepted,,,,,
18516,Accepted,,,,,
18517,Accepted,,,,,
18518,Accepted,,,,,
18519,Accepted,,,,,
18520,Accepted,,,,,
18521,Accepted,,,,,
18522,Accepted,,,,,
18523,Accepted,,,,,
18524,Accepted,,,,,
18525,Accepted,,,,,
18526,Accepted,,,,,
18527,Accepted,,,,,
18528,Accepted,,,,,
18529,Accepted,,,,,
18530,Accepted,,,,,
18531,Accepted,,,,,
18532,Accepted,,,,,
18533,Accepted,,,,,
18534,Accepted,,,,,
18535,Accepted,,,,,
18536,Accepted,,,,,
18537,Accepted,,,,,
18538,Accepted,,,,,
18539,Accepted,,,,,
18540,Accepted,,,,,
18541,Accepted,,,,,
18542,Accepted,,,,,
18543,Accepted,,,,,
18544,Accepted,,,,,
18545,Accepted,,,,,
18546,Accepted,,,,,
18547,Accepted,,,,,
18548,Accepted,,,,,
18549,Accepted,,,,,
18550,Accepted,,,,,
18551,Accepted,,,,,
18552,Accepted,,,,,
18553,Accepted,,,,,
18554,Accepted,,,,,
18555,Accepted,,,,,
18556,Accepted,,,,,
18557,Accepted,,,,,
18558,Accepted,,,,,
18559,Accepted,,,,,
18560,Accepted,,,,,
18561,Accepted,,,,,
18562,Accepted,,,,,
18563,Accepted,,,,,
18564,Accepted,,,,,
18565,Accepted,,,,,
18566,Accepted,,,,,
18567,Accepted,,,,,
18568,Accepted,,,,,
18569,Accepted,,,,,
18570,Accepted,,,,,
18571,Accepted,,,,,
18572,Accepted,,,,,
18573,Accepted,,,,,
18574,Accepted,,,,,
18575,Accepted,,,,,
18576,Accepted,,,,,
18577,Accepted,,,,,
18578,Accepted,,,,,
18579,Accepted,,,,,
18580,Accepted,,,,,
18581,Accepted,,,,,
18582,Accepted,,,,,
18583,Accepted,,,,,
18584,Accepted,,,,,
18585,Accepted,,,,,
18586,Accepted,,,,,
18587,Accepted,,,,,
18588,Accepted,,,,,
18589,Accepted,,,,,
18590,Accepted,,,,,
18591,Accepted,,,,,
18592,Accepted,,,,,
18593,Accepted,,,,,
18594,Accepted,,,,,
18595,Accepted,,,,,
18596,Accepted,,,,,
18597,Accepted,,,,,
18598,Accepted,,,,,
18599,Accepted,,,,,
18600,Accepted,,,,,
18601,Accepted,,,,,
18602,Accepted,,,,,
18603,Accepted,,,,,
18604,Accepted,,,,,
18605,Accepted,,,,,
18606,Accepted,,,,,
18607,Accepted,,,,,
18608,Accepted,,,,,
18609,Accepted,,,,,
18610,Accepted,,,,,
18611,Accepted,,,,,
18612,Accepted,,,,,
18613,Accepted,,,,,
18614,Accepted,,,,,
18615,Accepted,,,,,
18616,Accepted,,,,,
18617,Accepted,,,,,
18618,Accepted,,,,,
18619,Accepted,,,,,
18620,Accepted,,,,,
18621,Accepted,,,,,
18622,Accepted,,,,,
18623,Accepted,,,,,
18624,Accepted,,,,,
18625,Accepted,,,,,
18626,Accepted,,,,,
18627,Accepted,,,,,
18628,Accepted,,,,,
18629,Accepted,,,,,
18630,Accepted,,,,,
18631,Accepted,,,,,
18632,Accepted,,,,,
18633,Accepted,,,,,
18634,Accepted,,,,,
18635,Accepted,,,,,
18636,Accepted,,,,,
18637,Accepted,,,,,
18638,Accepted,,,,,
18639,Accepted,,,,,
18640,Accepted,,,,,
18641,Accepted,,,,,
18642,Accepted,,,,,
18643,Accepted,,,,,
18644,Accepted,,,,,
18645,Accepted,,,,,
18646,Accepted,,,,,
18647,Accepted,,,,,
18648,Accepted,,,,,
18649,Accepted,,,,,
18650,Accepted,,,,,
18651,Accepted,,,,,
18652,Accepted,,,,,
18653,Accepted,,,,,
18654,Accepted,,,,,
18655,Accepted,,,,,
18656,Accepted,,,,,
18657,Accepted,,,,,
18658,Accepted,,,,,
18659,Accepted,,,,,
18660,Accepted,,,,,
18661,Accepted,,,,,
18662,Accepted,,,,,
18663,Accepted,,,,,
18664,Accepted,,,,,
18665,Accepted,,,,,
18666,Accepted,,,,,
18667,Accepted,,,,,
18668,Accepted,,,,,
18669,Accepted,,,,,
18670,Accepted,,,,,
18671,Accepted,,,,,
18672,Accepted,,,,,
18673,Accepted,,,,,
18674,Accepted,,,,,
18675,Accepted,,,,,
18676,Accepted,,,,,
18677,Accepted,,,,,
18678,Accepted,,,,,
18679,Accepted,,,,,
18680,Accepted,,,,,
18681,Accepted,,,,,
18682,Accepted,,,,,
18683,Accepted,,,,,
18684,Accepted,,,,,
18685,Accepted,,,,,
18686,Accepted,,,,,
18687,Accepted,,,,,
18688,Accepted,,,,,
18689,Accepted,,,,,
18690,Accepted,,,,,
18691,Accepted,,,,,
18692,Accepted,,,,,
18693,Accepted,,,,,
18694,Accepted,,,,,
18695,Accepted,,,,,
18696,Accepted,,,,,
18697,Accepted,,,,,
18698,Accepted,,,,,
18699,Accepted,,,,,
18700,Accepted,,,,,
18701,Accepted,,,,,
18702,Accepted,,,,,
18703,Accepted,,,,,
18704,Accepted,,,,,
18705,Accepted,,,,,
18706,Accepted,,,,,
18707,Accepted,,,,,
18708,Accepted,,,,,
18709,Accepted,,,,,
18710,Accepted,,,,,
18711,Accepted,,,,,
18712,Accepted,,,,,
18713,Accepted,,,,,
18714,Accepted,,,,,
18715,Accepted,,,,,
18716,Accepted,,,,,
18717,Accepted,,,,,
18718,Accepted,,,,,
18719,Accepted,,,,,
18720,Accepted,,,,,
18721,Accepted,,,,,
18722,Accepted,,,,,
18723,Accepted,,,,,
18724,Accepted,,,,,
18725,Accepted,,,,,
18726,Accepted,,,,,
18727,Accepted,,,,,
18728,Accepted,,,,,
18729,Accepted,,,,,
18730,Accepted,,,,,
18731,Accepted,,,,,
18732,Accepted,,,,,
18733,Accepted,,,,,
18734,Accepted,,,,,
18735,Accepted,,,,,
18736,Accepted,,,,,
18737,Accepted,,,,,
18738,Accepted,,,,,
18739,Accepted,,,,,
18740,Accepted,,,,,
18741,Accepted,,,,,
18742,Accepted,,,,,
18743,Accepted,,,,,
18744,Accepted,,,,,
18745,Accepted,,,,,
18746,Accepted,,,,,
18747,Accepted,,,,,
18748,Accepted,,,,,
18749,Accepted,,,,,
18750,Accepted,,,,,
18751,Accepted,,,,,
18752,Accepted,,,,,
18753,Accepted,,,,,
18754,Accepted,,,,,
18755,Accepted,,,,,
18756,Accepted,,,,,
18757,Accepted,,,,,
18758,Accepted,,,,,
18759,Accepted,,,,,
18760,Accepted,,,,,
18761,Accepted,,,,,
18762,Accepted,,,,,
18763,Accepted,,,,,
18764,Accepted,,,,,
18765,Accepted,,,,,
18766,Accepted,,,,,
18767,Accepted,,,,,
18768,Accepted,ID,ID-02-FMT,IdNumber,"ID number format is invalid for the specified ID type. Check the format requirements for PAN, Aadhaar, or Passport as applicable.",RejectSegment
18769,Accepted,,,,,
18770,Accepted,,,,,
18771,Accepted,,,,,
18772,Accepted,,,,,
18773,Accepted,,,,,
18774,Accepted,,,,,
18775,Accepted,,,,,
18776,Accepted,,,,,
18777,Accepted,,,,,
18778,Accepted,,,,,
18779,Accepted,,,,,
18780,Accepted,,,,,
18781,Accepted,,,,,
18782,Accepted,,,,,
18783,Accepted,,,,,
18784,Accepted,,,,,
18785,Accepted,,,,,
18786,Accepted,,,,,
18787,Accepted,,,,,
18788,Accepted,,,,,
18789,Accepted,,,,,
18790,Accepted,,,,,
18791,Accepted,,,,,
18792,Accepted,,,,,
18793,Accepted,,,,,
18794,Accepted,,,,,
18795,Accepted,,,,,
18796,Accepted,,,,,
18797,Accepted,,,,,
18798,Accepted,,,,,
18799,Accepted,,,,,
18800,Accepted,,,,,
18801,Accepted,,,,,
18802,Accepted,,,,,
18803,Accepted,,,,,
18804,Accepted,,,,,
18805,Accepted,,,,,
18806,Accepted,,,,,
18807,Accepted,,,,,
18808,Accepted,,,,,
18809,Accepted,,,,,
18810,Accepted,,,,,
18811,Accepted,,,,,
18812,Accepted,,,,,
18813,Accepted,,,,,
18814,Accepted,,,,,
18815,Accepted,,,,,
18816,Accepted,,,,,
18817,Accepted,,,,,
18818,Accepted,,,,,
18819,Accepted,,,,,
18820,Accepted,,,,,
18821,Accepted,,,,,
18822,Accepted,,,,,
18823,Accepted,,,,,
18824,Accepted,,,,,
18825,Accepted,,,,,
18826,Accepted,,,,,
18827,Accepted,,,,,
18828,Accepted,,,,,
18829,Accepted,,,,,
18830,Accepted,,,,,
18831,Accepted,,,,,
18832,Accepted,,,,,
18833,Accepted,,,,,
18834,Accepted,,,,,
18835,Accepted,,,,,
18836,Accepted,,,,,
18837,Accepted,,,,,
18838,Accepted,,,,,
18839,Accepted,,,,,
18840,Accepted,,,,,
18841,Accepted,,,,,
18842,Accepted,,,,,
18843,Accepted,,,,,
18844,Accepted,,,,,
18845,Accepted,,,,,
18846,Accepted,,,,,
18847,Accepted,,,,,
18848,Accepted,,,,,
18849,Accepted,,,,,
18850,Accepted,,,,,
18851,Accepted,,,,,
18852,Accepted,,,,,
18853,Accepted,,,,,
18854,Accepted,,,,,
18855,Accepted,,,,,
18856,Accepted,,,,,
18857,Accepted,,,,,
18858,Accepted,,,,,
18859,Accepted,,,,,
18860,Accepted,,,,,
18861,Accepted,,,,,
18862,Accepted,,,,,
18863,Accepted,,,,,
18864,Accepted,,,,,
18865,Accepted,,,,,
18866,Accepted,,,,,
18867,Accepted,,,,,
18868,Accepted,,,,,
18869,Accepted,,,,,
18870,Accepted,,,,,
18871,Accepted,,,,,
18872,Accepted,,,,,
18873,Accepted,,,,,
18874,Accepted,,,,,
18875,Accepted,,,,,
18876,Accepted,,,,,
18877,Accepted,,,,,
18878,Accepted,,,,,
18879,Accepted,,,,,
18880,Accepted,,,,,
18881,Accepted,,,,,
18882,Accepted,,,,,
18883,Accepted,,,,,
18884,Accepted,,,,,
18885,Accepted,,,,,
18886,Accepted,,,,,
18887,Accepted,,,,,
18888,Accepted,,,,,
18889,Accepted,,,,,
18890,Accepted,,,,,
18891,Accepted,,,,,
18892,Accepted,,,,,
18893,Accepted,,,,,
18894,Accepted,,,,,
18895,Accepted,,,,,
18896,Accepted,,,,,
18897,Accepted,,,,,
18898,Accepted,,,,,
18899,Accepted,,,,,
18900,Accepted,,,,,
18901,Accepted,,,,,
18902,Accepted,,,,,
18903,Accepted,,,,,
18904,Accepted,,,,,
18905,Accepted,,,,,
18906,Accepted,,,,,
18907,Accepted,,,,,
18908,Accepted,,,,,
18909,Accepted,,,,,
18910,Accepted,,,,,
18911,Accepted,,,,,
18912,Accepted,,,,,
18913,Accepted,,,,,
18914,Accepted,,,,,
18915,Accepted,,,,,
18916,Accepted,,,,,
18917,Accepted,,,,,
18918,Accepted,,,,,
18919,Accepted,,,,,
18920,Accepted,,,,,
18921,Accepted,,,,,
18922,Accepted,,,,,
18923,Accepted,,,,,
18924,Accepted,,,,,
18925,Accepted,,,,,
18926,Accepted,,,,,
18927,Accepted,,,,,
18928,Accepted,,,,,
18929,Accepted,,,,,
18930,Accepted,,,,,
18931,Accepted,,,,,
18932,Accepted,,,,,
18933,Accepted,,,,,
18934,Accepted,,,,,
18935,Accepted,,,,,
18936,Accepted,,,,,
18937,Accepted,,,,,
18938,Accepted,,,,,
18939,Accepted,,,,,
18940,Accepted,,,,,
18941,Accepted,,,,,
18942,Accepted,,,,,
18943,Accepted,,,,,
18944,Accepted,,,,,
18945,Accepted,,,,,
18946,Accepted,,,,,
18947,Accepted,,,,,
18948,Accepted,,,,,
18949,Accepted,,,,,
18950,Accepted,,,,,
18951,Accepted,,,,,
18952,Accepted,,,,,
18953,Accepted,,,,,
18954,Accepted,,,,,
18955,Accepted,,,,,
18956,Accepted,,,,,
18957,Accepted,,,,,
18958,Accepted,,,,,
18959,Accepted,,,,,
18960,Accepted,,,,,
18961,Accepted,,,,,
18962,Accepted,,,,,
18963,Accepted,,,,,
18964,Accepted,,,,,
18965,Accepted,,,,,
18966,Accepted,,,,,
18967,Accepted,,,,,
18968,Accepted,,,,,
18969,Accepted,,,,,
18970,Accepted,,,,,
18971,Accepted,,,,,
18972,Accepted,,,,,
18973,Accepted,,,,,
18974,Accepted,,,,,
18975,Accepted,,,,,
18976,Accepted,,,,,
18977,Accepted,,,,,
18978,Accepted,,,,,
18979,Accepted,,,,,
18980,Accepted,,,,,
18981,Accepted,,,,,
18982,Accepted,,,,,
18983,Accepted,,,,,
18984,Accepted,,,,,
18985,Accepted,,,,,
18986,Accepted,,,,,
18987,Accepted,,,,,
18988,Accepted,,,,,
18989,Accepted,,,,,
18990,Accepted,,,,,
18991,Accepted,,,,,
18992,Accepted,,,,,
18993,Accepted,,,,,
18994,Accepted,,,,,
18995,Accepted,,,,,
18996,Accepted,,,,,
18997,Accepted,,,,,
18998,Accepted,,,,,
18999,Accepted,,,,,
19000,Accepted,,,,,
19001,Accepted,,,,,
19002,Accepted,,,,,
19003,Accepted,,,,,
19004,Accepted,,,,,
19005,Accepted,,,,,
19006,Accepted,,,,,
19007,Accepted,,,,,
19008,Accepted,,,,,
19009,Accepted,,,,,
19010,Accepted,,,,,
19011,Accepted,,,,,
19012,Accepted,,,,,
19013,Accepted,,,,,
19014,Accepted,,,,,
19015,Accepted,,,,,
19016,Accepted,,,,,
19017,Accepted,,,,,
19018,Accepted,,,,,
19019,Accepted,,,,,
19020,Accepted,,,,,
19021,Accepted,,,,,
19022,Accepted,,,,,
19023,Accepted,,,,,
19024,Accepted,,,,,
19025,Accepted,,,,,
19026,Accepted,,,,,
19027,Accepted,,,,,
19028,Accepted,,,,,
19029,Accepted,,,,,
19030,Accepted,,,,,
19031,Accepted,,,,,
19032,Accepted,,,,,
19033,Accepted,,,,,
19034,Accepted,,,,,
19035,Accepted,,,,,
19036,Accepted,,,,,
19037,Accepted,,,,,
19038,Accepted,,,,,
19039,Accepted,,,,,
19040,Accepted,,,,,
19041,Accepted,,,,,
19042,Accepted,,,,,
19043,Accepted,,,,,
19044,Accepted,,,,,
19045,Accepted,,,,,
19046,Accepted,,,,,
19047,Accepted,,,,,
19048,Accepted,,,,,
19049,Accepted,,,,,
19050,Accepted,,,,,
19051,Accepted,,,,,
19052,Accepted,,,,,
19053,Accepted,,,,,
19054,Accepted,,,,,
19055,Accepted,,,,,
19056,Accepted,,,,,
19057,Accepted,,,,,
19058,Accepted,,,,,
19059,Accepted,,,,,
19060,Accepted,,,,,
19061,Accepted,,,,,
19062,Accepted,,,,,
19063,Accepted,,,,,
19064,Accepted,,,,,
19065,Accepted,,,,,
19066,Accepted,,,,,
19067,Accepted,,,,,
19068,Accepted,,,,,
19069,Accepted,,,,,
19070,Accepted,,,,,
19071,Accepted,,,,,
19072,Accepted,,,,,
19073,Accepted,,,,,
19074,Accepted,,,,,
19075,Accepted,,,,,
19076,Accepted,,,,,
19077,Accepted,,,,,
19078,Accepted,,,,,
19079,Accepted,,,,,
19080,Accepted,,,,,
19081,Accepted,,,,,
19082,Accepted,,,,,
19083,Accepted,,,,,
19084,Accepted,,,,,
19085,Accepted,,,,,
19086,Accepted,,,,,
19087,Accepted,,,,,
19088,Accepted,,,,,
19089,Accepted,,,,,
19090,Accepted,,,,,
19091,Accepted,,,,,
19092,Accepted,,,,,
19093,Accepted,,,,,
19094,Accepted,,,,,
19095,Accepted,,,,,
19096,Accepted,,,,,
19097,Accepted,,,,,
19098,Accepted,,,,,
19099,Accepted,,,,,
19100,Accepted,,,,,
19101,Accepted,,,,,
19102,Accepted,,,,,
19103,Accepted,,,,,
19104,Accepted,,,,,
19105,Accepted,,,,,
19106,Accepted,,,,,
19107,Accepted,,,,,
19108,Accepted,,,,,
19109,Accepted,,,,,
19110,Accepted,,,,,
19111,Accepted,,,,,
19112,Accepted,,,,,
19113,Accepted,,,,,
19114,Accepted,,,,,
19115,Accepted,,,,,
19116,Accepted,,,,,
19117,Accepted,,,,,
19118,Accepted,,,,,
19119,Accepted,,,,,
19120,Accepted,,,,,
19121,Accepted,,,,,
19122,Accepted,,,,,
19123,Accepted,,,,,
19124,Accepted,,,,,
19125,Accepted,,,,,
19126,Accepted,,,,,
19127,Accepted,,,,,
19128,Accepted,,,,,
19129,Accepted,,,,,
19130,Accepted,,,,,
19131,Accepted,,,,,
19132,Accepted,,,,,
19133,Accepted,,,,,
19134,Accepted,,,,,
19135,Accepted,,,,,
19136,Accepted,,,,,
19137,Accepted,,,,,
19138,Accepted,,,,,
19139,Accepted,,,,,
19140,Accepted,,,,,
19141,Accepted,,,,,
19142,Accepted,,,,,
19143,Accepted,,,,,
19144,Accepted,,,,,
19145,Accepted,,,,,
19146,Accepted,,,,,
19147,Accepted,,,,,
19148,Accepted,,,,,
19149,Accepted,,,,,
19150,Accepted,,,,,
19151,Accepted,,,,,
19152,Accepted,,,,,
19153,Accepted,,,,,
19154,Accepted,,,,,
19155,Accepted,,,,,
19156,Accepted,,,,,
19157,Accepted,,,,,
19158,Accepted,,,,,
19159,Accepted,,,,,
19160,Accepted,,,,,
19161,Accepted,,,,,
19162,Accepted,,,,,
19163,Accepted,,,,,
19164,Accepted,,,,,
19165,Accepted,,,,,
19166,Accepted,,,,,
19167,Accepted,,,,,
19168,Accepted,,,,,
19169,Accepted,,,,,
19170,Accepted,,,,,
19171,Accepted,,,,,
19172,Accepted,,,,,
19173,Accepted,,,,,
19174,Accepted,,,,,
19175,Accepted,,,,,
19176,Accepted,,,,,
19177,Accepted,,,,,
19178,Accepted,,,,,
19179,Accepted,,,,,
19180,Accepted,,,,,
19181,Accepted,,,,,
19182,Accepted,,,,,
19183,Accepted,,,,,
19184,Accepted,,,,,
19185,Accepted,,,,,
19186,Accepted,,,,,
19187,Accepted,,,,,
19188,Accepted,,,,,
19189,Accepted,,,,,
19190,Accepted,,,,,
19191,Accepted,,,,,
19192,Accepted,,,,,
19193,Accepted,,,,,
19194,Accepted,,,,,
19195,Accepted,,,,,
19196,Accepted,,,,,
19197,Accepted,,,,,
19198,Accepted,,,,,
19199,Accepted,,,,,
19200,Accepted,,,,,
19201,Accepted,,,,,
19202,Accepted,,,,,
19203,Accepted,,,,,
19204,Accepted,,,,,
19205,Accepted,,,,,
19206,Accepted,,,,,
19207,Accepted,,,,,
19208,Accepted,,,,,
19209,Accepted,,,,,
19210,Accepted,,,,,
19211,Accepted,,,,,
19212,Accepted,,,,,
19213,Accepted,,,,,
19214,Accepted,,,,,
19215,Accepted,,,,,
19216,Accepted,,,,,
19217,Accepted,,,,,
19218,Accepted,,,,,
19219,Accepted,,,,,
19220,Accepted,,,,,
19221,Accepted,,,,,
19222,Accepted,,,,,
19223,Accepted,,,,,
19224,Accepted,,,,,
19225,Accepted,,,,,
19226,Accepted,,,,,
19227,Accepted,,,,,
19228,Accepted,,,,,
19229,Accepted,,,,,
19230,Accepted,,,,,
19231,Accepted,,,,,
19232,Accepted,,,,,
19233,Accepted,,,,,
19234,Accepted,,,,,
19235,Accepted,,,,,
19236,Accepted,,,,,
19237,Accepted,,,,,
19238,Accepted,,,,,
19239,Accepted,,,,,
19240,Accepted,,,,,
19241,Accepted,,,,,
19242,Accepted,,,,,
19243,Accepted,,,,,
19244,Accepted,,,,,
19245,Accepted,,,,,
19246,Accepted,,,,,
19247,Accepted,,,,,
19248,Accepted,,,,,
19249,Accepted,,,,,
19250,Accepted,,,,,
19251,Accepted,,,,,
19252,Accepted,,,,,
19253,Accepted,,,,,
19254,Accepted,,,,,
19255,Accepted,,,,,
19256,Accepted,,,,,
19257,Accepted,,,,,
19258,Accepted,,,,,
19259,Accepted,,,,,
19260,Accepted,,,,,
19261,Accepted,,,,,
19262,Accepted,,,,,
19263,Accepted,,,,,
19264,Accepted,,,,,
19265,Accepted,,,,,
19266,Accepted,,,,,
19267,Accepted,,,,,
19268,Accepted,,,,,
19269,Accepted,,,,,
19270,Accepted,,,,,
19271,Accepted,,,,,
19272,Accepted,,,,,
19273,Accepted,,,,,
19274,Accepted,,,,,
19275,Accepted,,,,,
19276,Accepted,,,,,
19277,Accepted,,,,,
19278,Accepted,,,,,
19279,Accepted,,,,,
19280,Accepted,,,,,
19281,Accepted,,,,,
19282,Accepted,,,,,
19283,Accepted,,,,,
19284,Accepted,,,,,
19285,Accepted,,,,,
19286,Accepted,,,,,
19287,Accepted,,,,,
19288,Accepted,,,,,
19289,Accepted,,,,,
19290,Accepted,,,,,
19291,Accepted,,,,,
19292,Accepted,,,,,
19293,Accepted,,,,,
19294,Accepted,,,,,
19295,Accepted,,,,,
19296,Accepted,,,,,
19297,Accepted,,,,,
19298,Accepted,,,,,
19299,Accepted,,,,,
19300,Accepted,,,,,
19301,Accepted,,,,,
19302,Accepted,,,,,
19303,Accepted,,,,,
19304,Accepted,,,,,
19305,Accepted,,,,,
19306,Accepted,,,,,
19307,Accepted,,,,,
19308,Accepted,,,,,
19309,Accepted,,,,,
19310,Accepted,,,,,
19311,Accepted,,,,,
19312,Accepted,,,,,
19313,Accepted,,,,,
19314,Accepted,,,,,
19315,Accepted,,,,,
19316,Accepted,,,,,
19317,Accepted,,,,,
19318,Accepted,,,,,
19319,Accepted,,,,,
19320,Accepted,,,,,
19321,Accepted,,,,,
19322,Accepted,,,,,
19323,Accepted,,,,,
19324,Accepted,,,,,
19325,Accepted,,,,,
19326,Accepted,,,,,
19327,Accepted,,,,,
19328,Accepted,,,,,
19329,Accepted,,,,,
19330,Accepted,,,,,
19331,Accepted,,,,,
19332,Accepted,,,,,
19333,Accepted,,,,,
19334,Accepted,,,,,
19335,Accepted,,,,,
19336,Accepted,,,,,
19337,Accepted,,,,,
19338,Accepted,,,,,
19339,Accepted,,,,,
19340,Accepted,,,,,
19341,Accepted,,,,,
19342,Accepted,,,,,
19343,Accepted,,,,,
19344,Accepted,,,,,
19345,Accepted,,,,,
19346,Accepted,,,,,
19347,Accepted,,,,,
19348,Accepted,,,,,
19349,Accepted,,,,,
19350,Accepted,,,,,
19351,Accepted,,,,,
19352,Accepted,,,,,
19353,Accepted,,,,,
19354,Accepted,,,,,
19355,Accepted,,,,,
19356,Accepted,,,,,
19357,Accepted,,,,,
19358,Accepted,,,,,
19359,Accepted,,,,,
19360,Accepted,,,,,
19361,Accepted,,,,,
19362,Accepted,,,,,
19363,Accepted,,,,,
19364,Accepted,,,,,
19365,Accepted,,,,,
19366,Accepted,,,,,
19367,Accepted,,,,,
19368,Accepted,,,,,
19369,Accepted,,,,,
19370,Accepted,,,,,
19371,Accepted,,,,,
19372,Accepted,,,,,
19373,Accepted,,,,,
19374,Accepted,,,,,
19375,Accepted,,,,,
19376,Accepted,,,,,
19377,Accepted,,,,,
19378,Accepted,,,,,
19379,Accepted,,,,,
19380,Accepted,,,,,
19381,Accepted,,,,,
19382,Accepted,,,,,
19383,Accepted,,,,,
19384,Accepted,,,,,
19385,Accepted,,,,,
19386,Accepted,,,,,
19387,Accepted,,,,,
19388,Accepted,,,,,
19389,Accepted,,,,,
19390,Accepted,,,,,
19391,Accepted,,,,,
19392,Accepted,,,,,
19393,Accepted,,,,,
19394,Accepted,,,,,
19395,Accepted,,,,,
19396,Accepted,,,,,
19397,Accepted,,,,,
19398,Accepted,,,,,
19399,Accepted,,,,,
19400,Accepted,,,,,
19401,Accepted,,,,,
19402,Accepted,,,,,
19403,Accepted,,,,,
19404,Accepted,,,,,
19405,Accepted,,,,,
19406,Accepted,,,,,
19407,Accepted,,,,,
19408,Accepted,,,,,
19409,Accepted,,,,,
19410,Accepted,,,,,
19411,Accepted,,,,,
19412,Accepted,,,,,
19413,Accepted,,,,,
19414,Accepted,,,,,
19415,Accepted,,,,,
19416,Accepted,,,,,
19417,Accepted,,,,,
19418,Accepted,,,,,
19419,Accepted,,,,,
19420,Accepted,,,,,
19421,Accepted,,,,,
19422,Accepted,,,,,
19423,Accepted,,,,,
19424,Accepted,,,,,
19425,Accepted,,,,,
19426,Accepted,,,,,
19427,Accepted,,,,,
19428,Accepted,,,,,
19429,Accepted,,,,,
19430,Accepted,,,,,
19431,Accepted,,,,,
19432,Accepted,,,,,
19433,Accepted,,,,,
19434,Accepted,,,,,
19435,Accepted,,,,,
19436,Accepted,,,,,
19437,Accepted,,,,,
19438,Accepted,,,,,
19439,Accepted,,,,,
19440,Accepted,,,,,
19441,Accepted,,,,,
19442,Accepted,,,,,
19443,Accepted,,,,,
19444,Accepted,,,,,
19445,Accepted,,,,,
19446,Accepted,,,,,
19447,Accepted,,,,,
19448,Accepted,,,,,
19449,Accepted,,,,,
19450,Accepted,,,,,
19451,Accepted,,,,,
19452,Accepted,,,,,
19453,Accepted,,,,,
19454,Accepted,,,,,
19455,Accepted,,,,,
19456,Accepted,,,,,
19457,Accepted,,,,,
19458,Accepted,,,,,
19459,Accepted,,,,,
19460,Accepted,,,,,
19461,Accepted,,,,,
19462,Accepted,,,,,
19463,Accepted,,,,,
19464,Accepted,,,,,
19465,Accepted,,,,,
19466,Accepted,,,,,
19467,Accepted,,,,,
19468,Accepted,,,,,
19469,Accepted,,,,,
19470,Accepted,,,,,
19471,Accepted,,,,,
19472,Accepted,,,,,
19473,Accepted,,,,,
19474,Accepted,,,,,
19475,Accepted,,,,,
19476,Accepted,,,,,
19477,Accepted,,,,,
19478,Accepted,,,,,
19479,Accepted,,,,,
19480,Accepted,,,,,
19481,Accepted,,,,,
19482,Accepted,,,,,
19483,Accepted,,,,,
19484,Accepted,,,,,
19485,Accepted,,,,,
19486,Accepted,,,,,
19487,Accepted,,,,,
19488,Accepted,,,,,
19489,Accepted,,,,,
19490,Accepted,,,,,
19491,Accepted,,,,,
19492,Accepted,,,,,
19493,Accepted,,,,,
19494,Accepted,,,,,
19495,Accepted,,,,,
19496,Accepted,,,,,
19497,Accepted,,,,,
19498,Accepted,,,,,
19499,Accepted,,,,,
19500,Accepted,,,,,
19501,Accepted,,,,,
19502,Accepted,,,,,
19503,Accepted,,,,,
19504,Accepted,,,,,
19505,Accepted,,,,,
19506,Accepted,,,,,
19507,Accepted,,,,,
19508,Accepted,,,,,
19509,Accepted,,,,,
19510,Accepted,,,,,
19511,Accepted,,,,,
19512,Accepted,,,,,
19513,Accepted,,,,,
19514,Accepted,,,,,
19515,Accepted,,,,,
19516,Accepted,,,,,
19517,Accepted,,,,,
19518,Accepted,,,,,
19519,Accepted,,,,,
19520,Accepted,,,,,
19521,Accepted,,,,,
19522,Accepted,,,,,
19523,Accepted,,,,,
19524,Accepted,,,,,
19525,Accepted,,,,,
19526,Accepted,,,,,
19527,Accepted,,,,,
19528,Accepted,,,,,
19529,Accepted,,,,,
19530,Accepted,,,,,
19531,Accepted,,,,,
19532,Accepted,,,,,
19533,Accepted,,,,,
19534,Accepted,,,,,
19535,Accepted,,,,,
19536,Accepted,,,,,
19537,Accepted,,,,,
19538,Accepted,,,,,
19539,Accepted,,,,,
19540,Accepted,,,,,
19541,Accepted,,,,,
19542,Accepted,,,,,
19543,Accepted,,,,,
19544,Accepted,,,,,
19545,Accepted,,,,,
19546,Accepted,,,,,
19547,Accepted,,,,,
19548,Accepted,,,,,
19549,Accepted,,,,,
19550,Accepted,,,,,
19551,Accepted,,,,,
19552,Accepted,,,,,
19553,Accepted,,,,,
19554,Accepted,,,,,
19555,Accepted,,,,,
19556,Accepted,,,,,
19557,Accepted,,,,,
19558,Accepted,,,,,
19559,Accepted,,,,,
19560,Accepted,,,,,
19561,Accepted,,,,,
19562,Accepted,,,,,
19563,Accepted,,,,,
19564,Accepted,,,,,
19565,Accepted,,,,,
19566,Accepted,,,,,
19567,Accepted,,,,,
19568,Accepted,,,,,
19569,Accepted,,,,,
19570,Accepted,,,,,
19571,Accepted,,,,,
19572,Accepted,,,,,
19573,Accepted,,,,,
19574,Accepted,,,,,
19575,Accepted,,,,,
19576,Accepted,,,,,
19577,Accepted,,,,,
19578,Accepted,,,,,
19579,Accepted,,,,,
19580,Accepted,,,,,
19581,Accepted,,,,,
19582,Accepted,,,,,
19583,Accepted,,,,,
19584,Accepted,,,,,
19585,Accepted,,,,,
19586,Accepted,,,,,
19587,Accepted,,,,,
19588,Accepted,,,,,
19589,Accepted,,,,,
19590,Accepted,,,,,
19591,Accepted,,,,,
19592,Accepted,,,,,
19593,Accepted,,,,,
19594,Accepted,,,,,
19595,Accepted,,,,,
19596,Accepted,,,,,
19597,Accepted,,,,,
19598,Accepted,,,,,
19599,Accepted,,,,,
19600,Accepted,,,,,
19601,Accepted,,,,,
19602,Accepted,,,,,
19603,Accepted,,,,,
19604,Accepted,,,,,
19605,Accepted,,,,,
19606,Accepted,,,,,
19607,Accepted,,,,,
19608,Accepted,,,,,
19609,Accepted,,,,,
19610,Accepted,,,,,
19611,Accepted,,,,,
19612,Accepted,,,,,
19613,Accepted,,,,,
19614,Accepted,,,,,
19615,Accepted,,,,,
19616,Accepted,,,,,
19617,Accepted,,,,,
19618,Accepted,,,,,
19619,Accepted,,,,,
19620,Accepted,,,,,
19621,Accepted,,,,,
19622,Accepted,,,,,
19623,Accepted,,,,,
19624,Accepted,,,,,
19625,Accepted,,,,,
19626,Accepted,,,,,
19627,Accepted,,,,,
19628,Accepted,,,,,
19629,Accepted,,,,,
19630,Accepted,,,,,
19631,Accepted,,,,,
19632,Accepted,,,,,
19633,Accepted,,,,,
19634,Accepted,,,,,
19635,Accepted,,,,,
19636,Accepted,,,,,
19637,Accepted,,,,,
19638,Accepted,,,,,
19639,Accepted,,,,,
19640,Accepted,,,,,
19641,Accepted,,,,,
19642,Accepted,,,,,
19643,Accepted,,,,,
19644,Accepted,,,,,
19645,Accepted,,,,,
19646,Accepted,,,,,
19647,Accepted,,,,,
19648,Accepted,,,,,
19649,Accepted,,,,,
19650,Accepted,,,,,
19651,Accepted,,,,,
19652,Accepted,,,,,
19653,Accepted,,,,,
19654,Accepted,,,,,
19655,Accepted,,,,,
19656,Accepted,,,,,
19657,Accepted,,,,,
19658,Accepted,,,,,
19659,Accepted,,,,,
19660,Accepted,,,,,
19661,Accepted,,,,,
19662,Accepted,,,,,
19663,Accepted,,,,,
19664,Accepted,,,,,
19665,Accepted,,,,,
19666,Accepted,,,,,
19667,Accepted,,,,,
19668,Accepted,,,,,
19669,Accepted,,,,,
19670,Accepted,,,,,
19671,Accepted,,,,,
19672,Accepted,,,,,
19673,Accepted,,,,,
19674,Accepted,,,,,
19675,Accepted,,,,,
19676,Accepted,,,,,
19677,Accepted,,,,,
19678,Accepted,,,,,
19679,Accepted,,,,,
19680,Accepted,,,,,
19681,Accepted,,,,,
19682,Accepted,,,,,
19683,Accepted,,,,,
19684,Accepted,,,,,
19685,Accepted,,,,,
19686,Accepted,,,,,
19687,Accepted,,,,,
19688,Accepted,,,,,
19689,Accepted,,,,,
19690,Accepted,,,,,
19691,Accepted,,,,,
19692,Accepted,,,,,
19693,Accepted,,,,,
19694,Accepted,,,,,
19695,Accepted,,,,,
19696,Accepted,,,,,
19697,Accepted,,,,,
19698,Accepted,,,,,
19699,Accepted,,,,,
19700,Accepted,,,,,
19701,Accepted,,,,,
19702,Accepted,,,,,
19703,Accepted,,,,,
19704,Accepted,,,,,
19705,Accepted,,,,,
19706,Accepted,,,,,
19707,Accepted,,,,,
19708,Accepted,,,,,
19709,Accepted,,,,,
19710,Accepted,,,,,
19711,Accepted,,,,,
19712,Accepted,,,,,
19713,Accepted,,,,,
19714,Accepted,,,,,
19715,Accepted,,,,,
19716,Accepted,,,,,
19717,Accepted,,,,,
19718,Accepted,,,,,
19719,Accepted,,,,,
19720,Accepted,,,,,
19721,Accepted,,,,,
19722,Accepted,,,,,
19723,Accepted,,,,,
19724,Accepted,,,,,
19725,Accepted,,,,,
19726,Accepted,,,,,
19727,Accepted,,,,,
19728,Accepted,,,,,
19729,Accepted,,,,,
19730,Accepted,,,,,
19731,Accepted,,,,,
19732,Accepted,,,,,
19733,Accepted,,,,,
19734,Accepted,,,,,
19735,Accepted,,,,,
19736,Accepted,,,,,
19737,Accepted,,,,,
19738,Accepted,,,,,
19739,Accepted,,,,,
19740,Accepted,,,,,
19741,Accepted,,,,,
19742,Accepted,,,,,
19743,Accepted,,,,,
19744,Accepted,,,,,
19745,Accepted,,,,,
19746,Accepted,,,,,
19747,Accepted,,,,,
19748,Accepted,,,,,
19749,Accepted,,,,,
19750,Accepted,,,,,
19751,Accepted,,,,,
19752,Accepted,,,,,
19753,Accepted,,,,,
19754,Accepted,,,,,
19755,Accepted,,,,,
19756,Accepted,,,,,
19757,Accepted,,,,,
19758,Accepted,,,,,
19759,Accepted,,,,,
19760,Accepted,,,,,
19761,Accepted,,,,,
19762,Accepted,,,,,
19763,Accepted,,,,,
19764,Accepted,,,,,
19765,Accepted,,,,,
19766,Accepted,,,,,
19767,Accepted,,,,,
19768,Accepted,,,,,
19769,Accepted,,,,,
19770,Accepted,,,,,
19771,Accepted,,,,,
19772,Accepted,,,,,
19773,Accepted,,,,,
19774,Accepted,,,,,
19775,Accepted,,,,,
19776,Accepted,,,,,
19777,Accepted,,,,,
19778,Accepted,,,,,
19779,Accepted,,,,,
19780,Accepted,,,,,
19781,Accepted,,,,,
19782,Accepted,,,,,
19783,Accepted,,,,,
19784,Accepted,,,,,
19785,Accepted,,,,,
19786,Accepted,,,,,
19787,Accepted,,,,,
19788,Accepted,,,,,
19789,Accepted,,,,,
19790,Accepted,,,,,
19791,Accepted,,,,,
19792,Accepted,,,,,
19793,Accepted,,,,,
19794,Accepted,,,,,
19795,Accepted,,,,,
19796,Accepted,,,,,
19797,Accepted,,,,,
19798,Accepted,,,,,
19799,Accepted,,,,,
19800,Accepted,,,,,
19801,Accepted,,,,,
19802,Accepted,,,,,
19803,Accepted,,,,,
19804,Accepted,,,,,
19805,Accepted,,,,,
19806,Accepted,,,,,
19807,Accepted,,,,,
19808,Accepted,,,,,
19809,Accepted,,,,,
19810,Accepted,,,,,
19811,Accepted,,,,,
19812,Accepted,,,,,
19813,Accepted,,,,,
19814,Accepted,,,,,
19815,Accepted,,,,,
19816,Accepted,,,,,
19817,Accepted,,,,,
19818,Accepted,,,,,
19819,Accepted,,,,,
19820,Accepted,,,,,
19821,Accepted,,,,,
19822,Accepted,,,,,
19823,Accepted,,,,,
19824,Accepted,,,,,
19825,Accepted,,,,,
19826,Accepted,,,,,
19827,Accepted,,,,,
19828,Accepted,,,,,
19829,Accepted,,,,,
19830,Accepted,,,,,
19831,Accepted,,,,,
19832,Accepted,,,,,
19833,Accepted,,,,,
19834,Accepted,,,,,
19835,Accepted,,,,,
19836,Accepted,,,,,
19837,Accepted,,,,,
19838,Accepted,,,,,
19839,Accepted,,,,,
19840,Accepted,,,,,
19841,Accepted,,,,,
19842,Accepted,,,,,
19843,Accepted,,,,,
19844,Accepted,,,,,
19845,Accepted,,,,,
19846,Accepted,,,,,
19847,Accepted,,,,,
19848,Accepted,,,,,
19849,Accepted,,,,,
19850,Accepted,,,,,
19851,Accepted,,,,,
19852,Accepted,,,,,
19853,Accepted,,,,,
19854,Accepted,,,,,
19855,Accepted,,,,,
19856,Accepted,,,,,
19857,Accepted,,,,,
19858,Accepted,,,,,
19859,Accepted,,,,,
19860,Accepted,,,,,
19861,Accepted,,,,,
19862,Accepted,,,,,
19863,Accepted,,,,,
19864,Accepted,,,,,
19865,Accepted,,,,,
19866,Accepted,,,,,
19867,Accepted,,,,,
19868,Accepted,,,,,
19869,Accepted,,,,,
19870,Accepted,,,,,
19871,Accepted,,,,,
19872,Accepted,,,,,
19873,Accepted,,,,,
19874,Accepted,,,,,
19875,Accepted,,,,,
19876,Accepted,,,,,
19877,Accepted,,,,,
19878,Accepted,,,,,
19879,Accepted,,,,,
19880,Accepted,,,,,
19881,Accepted,,,,,
19882,Accepted,,,,,
19883,Accepted,,,,,
19884,Accepted,,,,,
19885,Accepted,,,,,
19886,Accepted,,,,,
19887,Accepted,,,,,
19888,Accepted,,,,,
19889,Accepted,,,,,
19890,Accepted,,,,,
19891,Accepted,,,,,
19892,Accepted,,,,,
19893,Accepted,,,,,
19894,Accepted,,,,,
19895,Accepted,,,,,
19896,Accepted,,,,,
19897,Accepted,,,,,
19898,Accepted,,,,,
19899,Accepted,,,,,
19900,Accepted,,,,,
19901,Accepted,,,,,
19902,Accepted,,,,,
19903,Accepted,,,,,
19904,Accepted,,,,,
19905,Accepted,,,,,
19906,Accepted,,,,,
19907,Accepted,,,,,
19908,Accepted,,,,,
19909,Accepted,,,,,
19910,Accepted,,,,,
19911,Accepted,,,,,
19912,Accepted,,,,,
19913,Accepted,,,,,
19914,Accepted,,,,,
19915,Accepted,,,,,
19916,Accepted,,,,,
19917,Accepted,,,,,
19918,Accepted,,,,,
19919,Accepted,,,,,
19920,Accepted,,,,,
19921,Accepted,,,,,
19922,Accepted,,,,,
19923,Accepted,,,,,
19924,Accepted,,,,,
19925,Accepted,,,,,
19926,Accepted,,,,,
19927,Accepted,,,,,
19928,Accepted,,,,,
19929,Accepted,,,,,
19930,Accepted,,,,,
19931,Accepted,,,,,
19932,Accepted,,,,,
19933,Accepted,,,,,
19934,Accepted,,,,,
19935,Accepted,,,,,
19936,Accepted,,,,,
19937,Accepted,,,,,
19938,Accepted,,,,,
19939,Accepted,,,,,
19940,Accepted,,,,,
19941,Accepted,,,,,
19942,Accepted,,,,,
19943,Accepted,,,,,
19944,Accepted,,,,,
19945,Accepted,,,,,
19946,Accepted,,,,,
19947,Accepted,,,,,
19948,Accepted,,,,,
19949,Accepted,,,,,
19950,Accepted,,,,,
19951,Accepted,,,,,
19952,Accepted,,,,,
19953,Accepted,,,,,
19954,Accepted,,,,,
19955,Accepted,,,,,
19956,Accepted,,,,,
19957,Accepted,,,,,
19958,Accepted,,,,,
19959,Accepted,,,,,
19960,Accepted,,,,,
19961,Accepted,,,,,
19962,Accepted,,,,,
19963,Accepted,,,,,
19964,Accepted,,,,,
19965,Accepted,,,,,
19966,Accepted,,,,,
19967,Accepted,,,,,
19968,Accepted,,,,,
19969,Accepted,,,,,
19970,Accepted,,,,,
19971,Accepted,,,,,
19972,Accepted,,,,,
19973,Accepted,,,,,
19974,Accepted,,,,,
19975,Accepted,,,,,
19976,Accepted,,,,,
19977,Accepted,,,,,
19978,Accepted,,,,,
19979,Accepted,,,,,
19980,Accepted,,,,,
19981,Accepted,,,,,
19982,Accepted,,,,,
19983,Accepted,,,,,
19984,Accepted,,,,,
19985,Accepted,,,,,
19986,Accepted,,,,,
19987,Accepted,,,,,
19988,Accepted,,,,,
19989,Accepted,,,,,
19990,Accepted,,,,,
19991,Accepted,,,,,
19992,Accepted,,,,,
19993,Accepted,,,,,
19994,Accepted,,,,,
19995,Accepted,,,,,
19996,Accepted,,,,,
19997,Accepted,,,,,
19998,Accepted,,,,,
19999,Accepted,,,,,
20000,Accepted,,,,,
20001,Accepted,,,,,
20002,Accepted,,,,,
20003,Accepted,,,,,
20004,Accepted,,,,,
20005,Accepted,,,,,
20006,Accepted,,,,,
20007,Accepted,,,,,
20008,Accepted,,,,,
20009,Accepted,,,,,
20010,Accepted,,,,,
20011,Accepted,,,,,
20012,Accepted,,,,,
20013,Accepted,,,,,
20014,Accepted,,,,,
20015,Accepted,,,,,
20016,Accepted,,,,,
20017,Accepted,,,,,
20018,Accepted,,,,,
20019,Accepted,,,,,
20020,Accepted,,,,,
20021,Accepted,,,,,
20022,Accepted,,,,,
20023,Accepted,,,,,
20024,Accepted,,,,,
20025,Accepted,,,,,
20026,Accepted,,,,,
20027,Accepted,,,,,
20028,Accepted,,,,,
20029,Accepted,,,,,
20030,Accepted,,,,,
20031,Accepted,,,,,
20032,Accepted,,,,,
20033,Accepted,,,,,
20034,Accepted,,,,,
20035,Accepted,,,,,
20036,Accepted,,,,,
20037,Accepted,,,,,
20038,Accepted,,,,,
20039,Accepted,,,,,
20040,Accepted,,,,,
20041,Accepted,,,,,
20042,Accepted,,,,,
20043,Accepted,,,,,
20044,Accepted,,,,,
20045,Accepted,,,,,
20046,Accepted,,,,,
20047,Accepted,,,,,
20048,Accepted,,,,,
20049,Accepted,,,,,
20050,Accepted,,,,,
20051,Accepted,,,,,
20052,Accepted,,,,,
20053,Accepted,,,,,
20054,Accepted,,,,,
20055,Accepted,,,,,
20056,Accepted,,,,,
20057,Accepted,,,,,
20058,Accepted,,,,,
20059,Accepted,,,,,
20060,Accepted,,,,,
20061,Accepted,,,,,
20062,Accepted,,,,,
20063,Accepted,,,,,
20064,Accepted,,,,,
20065,Accepted,,,,,
20066,Accepted,,,,,
20067,Accepted,,,,,
20068,Accepted,,,,,
20069,Accepted,,,,,
20070,Accepted,,,,,
20071,Accepted,,,,,
20072,Accepted,,,,,
20073,Accepted,,,,,
20074,Accepted,,,,,
20075,Accepted,,,,,
20076,Accepted,,,,,
20077,Accepted,,,,,
20078,Accepted,,,,,
20079,Accepted,,,,,
20080,Accepted,,,,,
20081,Accepted,,,,,
20082,Accepted,,,,,
20083,Accepted,,,,,
20084,Accepted,,,,,
20085,Accepted,,,,,
20086,Accepted,,,,,
20087,Accepted,,,,,
20088,Accepted,,,,,
20089,Accepted,,,,,
20090,Accepted,,,,,
20091,Accepted,,,,,
20092,Accepted,,,,,
20093,Accepted,,,,,
20094,Accepted,,,,,
20095,Accepted,,,,,
20096,Accepted,,,,,
20097,Accepted,,,,,
20098,Accepted,,,,,
20099,Accepted,,,,,
20100,Accepted,,,,,
20101,Accepted,,,,,
20102,Accepted,,,,,
20103,Accepted,,,,,
20104,Accepted,,,,,
20105,Accepted,,,,,
20106,Accepted,,,,,
20107,Accepted,,,,,
20108,Accepted,,,,,
20109,Accepted,,,,,
20110,Accepted,,,,,
20111,Accepted,,,,,
20112,Accepted,,,,,
20113,Accepted,,,,,
20114,Accepted,,,,,
20115,Accepted,,,,,
20116,Accepted,,,,,
20117,Accepted,,,,,
20118,Accepted,,,,,
20119,Accepted,,,,,
20120,Accepted,,,,,
20121,Accepted,,,,,
20122,Accepted,,,,,
20123,Accepted,,,,,
20124,Accepted,,,,,
20125,Accepted,,,,,
20126,Accepted,,,,,
20127,Accepted,,,,,
20128,Accepted,,,,,
20129,Accepted,,,,,
20130,Accepted,,,,,
20131,Accepted,,,,,
20132,Accepted,,,,,
20133,Accepted,,,,,
20134,Accepted,,,,,
20135,Accepted,,,,,
20136,Accepted,,,,,
20137,Accepted,,,,,
20138,Accepted,,,,,
20139,Accepted,,,,,
20140,Accepted,,,,,
20141,Accepted,,,,,
20142,Accepted,,,,,
20143,Accepted,,,,,
20144,Accepted,,,,,
20145,Accepted,,,,,
20146,Accepted,,,,,
20147,Accepted,,,,,
20148,Accepted,,,,,
20149,Accepted,,,,,
20150,Accepted,,,,,
20151,Accepted,,,,,
20152,Accepted,,,,,
20153,Accepted,,,,,
20154,Accepted,,,,,
20155,Accepted,,,,,
20156,Accepted,,,,,
20157,Accepted,,,,,
20158,Accepted,,,,,
20159,Accepted,,,,,
20160,Accepted,,,,,
20161,Accepted,,,,,
20162,Accepted,,,,,
20163,Accepted,,,,,
20164,Accepted,,,,,
20165,Accepted,,,,,
20166,Accepted,,,,,
20167,Accepted,,,,,
20168,Accepted,,,,,
20169,Accepted,,,,,
20170,Accepted,,,,,
20171,Accepted,,,,,
20172,Accepted,,,,,
20173,Accepted,,,,,
20174,Accepted,,,,,
20175,Accepted,,,,,
20176,Accepted,,,,,
20177,Accepted,,,,,
20178,Accepted,,,,,
20179,Accepted,,,,,
20180,Accepted,,,,,
20181,Accepted,,,,,
20182,Accepted,,,,,
20183,Accepted,,,,,
20184,Accepted,,,,,
20185,Accepted,,,,,
20186,Accepted,,,,,
20187,Accepted,,,,,
20188,Accepted,,,,,
20189,Accepted,,,,,
20190,Accepted,,,,,
20191,Accepted,,,,,
20192,Accepted,,,,,
20193,Accepted,,,,,
20194,Accepted,,,,,
20195,Accepted,,,,,
20196,Accepted,,,,,
20197,Accepted,,,,,
20198,Accepted,,,,,
20199,Accepted,,,,,
20200,Accepted,,,,,
20201,Accepted,,,,,
20202,Accepted,,,,,
20203,Accepted,,,,,
20204,Accepted,,,,,
20205,Accepted,,,,,
20206,Accepted,,,,,
20207,Accepted,,,,,
20208,Accepted,,,,,
20209,Accepted,,,,,
20210,Accepted,,,,,
20211,Accepted,,,,,
20212,Accepted,,,,,
20213,Accepted,,,,,
20214,Accepted,,,,,
20215,Accepted,,,,,
20216,Accepted,,,,,
20217,Accepted,,,,,
20218,Accepted,,,,,
20219,Accepted,,,,,
20220,Accepted,,,,,
20221,Accepted,,,,,
20222,Accepted,,,,,
20223,Accepted,,,,,
20224,Accepted,,,,,
20225,Accepted,,,,,
20226,Accepted,,,,,
20227,Accepted,,,,,
20228,Accepted,,,,,
20229,Accepted,,,,,
20230,Accepted,,,,,
20231,Accepted,,,,,
20232,Accepted,,,,,
20233,Accepted,,,,,
20234,Accepted,,,,,
20235,Accepted,,,,,
20236,Accepted,,,,,
20237,Accepted,,,,,
20238,Accepted,,,,,
20239,Accepted,,,,,
20240,Accepted,,,,,
20241,Accepted,,,,,
20242,Accepted,,,,,
20243,Accepted,,,,,
20244,Accepted,,,,,
20245,Accepted,,,,,
20246,Accepted,,,,,
20247,Accepted,,,,,
20248,Accepted,,,,,
20249,Accepted,,,,,
20250,Accepted,,,,,
20251,Accepted,,,,,
20252,Accepted,,,,,
20253,Accepted,,,,,
20254,Accepted,,,,,
20255,Accepted,,,,,
20256,Accepted,,,,,
20257,Accepted,,,,,
20258,Accepted,,,,,
20259,Accepted,,,,,
20260,Accepted,,,,,
20261,Accepted,,,,,
20262,Accepted,,,,,
20263,Accepted,,,,,
20264,Accepted,,,,,
20265,Accepted,,,,,
20266,Accepted,,,,,
20267,Accepted,,,,,
20268,Accepted,,,,,
20269,Accepted,,,,,
20270,Accepted,,,,,
20271,Accepted,,,,,
20272,Accepted,,,,,
20273,Accepted,,,,,
20274,Accepted,,,,,
20275,Accepted,,,,,
20276,Accepted,,,,,
20277,Accepted,,,,,
20278,Accepted,,,,,
20279,Accepted,,,,,
20280,Accepted,,,,,
20281,Accepted,,,,,
20282,Accepted,,,,,
20283,Accepted,,,,,
20284,Accepted,,,,,
20285,Accepted,,,,,
20286,Accepted,,,,,
20287,Accepted,,,,,
20288,Accepted,,,,,
20289,Accepted,,,,,
20290,Accepted,,,,,
20291,Accepted,,,,,
20292,Accepted,,,,,
20293,Accepted,,,,,
20294,Accepted,,,,,
20295,Accepted,,,,,
20296,Accepted,,,,,
20297,Accepted,,,,,
20298,Accepted,,,,,
20299,Accepted,,,,,
20300,Accepted,,,,,
20301,Accepted,,,,,
20302,Accepted,,,,,
20303,Accepted,,,,,
20304,Accepted,,,,,
20305,Accepted,,,,,
20306,Accepted,,,,,
20307,Accepted,,,,,
20308,Accepted,,,,,
20309,Accepted,,,,,
20310,Accepted,,,,,
20311,Accepted,,,,,
20312,Accepted,,,,,
20313,Accepted,,,,,
20314,Accepted,,,,,
20315,Accepted,,,,,
20316,Accepted,,,,,
20317,Accepted,,,,,
20318,Accepted,,,,,
20319,Accepted,,,,,
20320,Accepted,,,,,
20321,Accepted,,,,,
20322,Accepted,,,,,
20323,Accepted,,,,,
20324,Accepted,,,,,
20325,Accepted,,,,,
20326,Accepted,,,,,
20327,Accepted,,,,,
20328,Accepted,,,,,
20329,Accepted,,,,,
20330,Accepted,,,,,
20331,Accepted,,,,,
20332,Accepted,,,,,
20333,Accepted,,,,,
20334,Accepted,,,,,
20335,Accepted,,,,,
20336,Accepted,,,,,
20337,Accepted,,,,,
20338,Accepted,,,,,
20339,Accepted,,,,,
20340,Accepted,,,,,
20341,Accepted,,,,,
20342,Accepted,,,,,
20343,Accepted,,,,,
20344,Accepted,,,,,
20345,Accepted,,,,,
20346,Accepted,,,,,
20347,Accepted,,,,,
20348,Accepted,,,,,
20349,Accepted,,,,,
20350,Accepted,,,,,
20351,Accepted,,,,,
20352,Accepted,,,,,
20353,Accepted,,,,,
20354,Accepted,,,,,
20355,Accepted,,,,,
20356,Accepted,,,,,
20357,Accepted,,,,,
20358,Accepted,,,,,
20359,Accepted,,,,,
20360,Accepted,,,,,
20361,Accepted,,,,,
20362,Accepted,,,,,
20363,Accepted,,,,,
20364,Accepted,,,,,
20365,Accepted,,,,,
20366,Accepted,,,,,
20367,Accepted,,,,,
20368,Accepted,,,,,
20369,Accepted,,,,,
20370,Accepted,,,,,
20371,Accepted,,,,,
20372,Accepted,,,,,
20373,Accepted,,,,,
20374,Accepted,,,,,
20375,Accepted,,,,,
20376,Accepted,,,,,
20377,Accepted,,,,,
20378,Accepted,,,,,
20379,Accepted,,,,,
20380,Accepted,,,,,
20381,Accepted,,,,,
20382,Accepted,,,,,
20383,Accepted,,,,,
20384,Accepted,,,,,
20385,Accepted,,,,,
20386,Accepted,,,,,
20387,Accepted,,,,,
20388,Accepted,,,,,
20389,Accepted,,,,,
20390,Accepted,,,,,
20391,Accepted,,,,,
20392,Accepted,,,,,
20393,Accepted,,,,,
20394,Accepted,,,,,
20395,Accepted,,,,,
20396,Accepted,,,,,
20397,Accepted,,,,,
20398,Accepted,,,,,
20399,Accepted,,,,,
20400,Accepted,,,,,
20401,Accepted,,,,,
20402,Accepted,,,,,
20403,Accepted,,,,,
20404,Accepted,,,,,
20405,Accepted,,,,,
20406,Accepted,,,,,
20407,Accepted,,,,,
20408,Accepted,,,,,
20409,Accepted,,,,,
20410,Accepted,,,,,
20411,Accepted,,,,,
20412,Accepted,,,,,
20413,Accepted,,,,,
20414,Accepted,,,,,
20415,Accepted,,,,,
20416,Accepted,,,,,
20417,Accepted,,,,,
20418,Accepted,,,,,
20419,Accepted,,,,,
20420,Accepted,,,,,
20421,Accepted,,,,,
20422,Accepted,,,,,
20423,Accepted,,,,,
20424,Accepted,,,,,
20425,Accepted,,,,,
20426,Accepted,,,,,
20427,Accepted,,,,,
20428,Accepted,,,,,
20429,Accepted,,,,,
20430,Accepted,,,,,
20431,Accepted,,,,,
20432,Accepted,,,,,
20433,Accepted,,,,,
20434,Accepted,,,,,
20435,Accepted,,,,,
20436,Accepted,,,,,
20437,Accepted,,,,,
20438,Accepted,,,,,
20439,Accepted,,,,,
20440,Accepted,,,,,
20441,Accepted,,,,,
20442,Accepted,,,,,
20443,Accepted,,,,,
20444,Accepted,,,,,
20445,Accepted,,,,,
20446,Accepted,,,,,
20447,Accepted,,,,,
20448,Accepted,,,,,
20449,Accepted,,,,,
20450,Accepted,,,,,
20451,Accepted,,,,,
20452,Accepted,,,,,
20453,Accepted,,,,,
20454,Accepted,,,,,
20455,Accepted,,,,,
20456,Accepted,,,,,
20457,Accepted,,,,,
20458,Accepted,,,,,
20459,Accepted,,,,,
20460,Accepted,,,,,
20461,Accepted,,,,,
20462,Accepted,,,,,
20463,Accepted,,,,,
20464,Accepted,,,,,
20465,Accepted,,,,,
20466,Accepted,,,,,
20467,Accepted,,,,,
20468,Accepted,,,,,
20469,Accepted,,,,,
20470,Accepted,,,,,
20471,Accepted,,,,,
20472,Accepted,,,,,
20473,Accepted,,,,,
20474,Accepted,,,,,
20475,Accepted,,,,,
20476,Accepted,,,,,
20477,Accepted,,,,,
20478,Accepted,,,,,
20479,Accepted,,,,,
20480,Accepted,,,,,
20481,Accepted,,,,,
20482,Accepted,,,,,
20483,Accepted,,,,,
20484,Accepted,,,,,
20485,Accepted,,,,,
20486,Accepted,,,,,
20487,Accepted,,,,,
20488,Accepted,,,,,
20489,Accepted,,,,,
20490,Accepted,,,,,
20491,Accepted,,,,,
20492,Accepted,,,,,
20493,Accepted,,,,,
20494,Accepted,,,,,
20495,Accepted,,,,,
20496,Accepted,,,,,
20497,Accepted,,,,,
20498,Accepted,,,,,
20499,Accepted,,,,,
20500,Accepted,,,,,
20501,Accepted,,,,,
20502,Accepted,,,,,
20503,Accepted,,,,,
20504,Accepted,,,,,
20505,Accepted,,,,,
20506,Accepted,,,,,
20507,Accepted,,,,,
20508,Accepted,,,,,
20509,Accepted,,,,,
20510,Accepted,,,,,
20511,Accepted,,,,,
20512,Accepted,,,,,
20513,Accepted,,,,,
20514,Accepted,,,,,
20515,Accepted,,,,,
20516,Accepted,,,,,
20517,Accepted,,,,,
20518,Accepted,,,,,
20519,Accepted,,,,,
20520,Accepted,,,,,
20521,Accepted,,,,,
20522,Accepted,,,,,
20523,Accepted,,,,,
20524,Accepted,,,,,
20525,Accepted,,,,,
20526,Accepted,,,,,
20527,Accepted,,,,,
20528,Accepted,,,,,
20529,Accepted,,,,,
20530,Accepted,,,,,
20531,Accepted,,,,,
20532,Accepted,,,,,
20533,Accepted,,,,,
20534,Accepted,,,,,
20535,Accepted,,,,,
20536,Accepted,,,,,
20537,Accepted,,,,,
20538,Accepted,,,,,
20539,Accepted,,,,,
20540,Accepted,,,,,
20541,Accepted,,,,,
20542,Accepted,,,,,
20543,Accepted,,,,,
20544,Accepted,,,,,
20545,Accepted,,,,,
20546,Accepted,,,,,
20547,Accepted,,,,,
20548,Accepted,,,,,
20549,Accepted,,,,,
20550,Accepted,,,,,
20551,Accepted,,,,,
20552,Accepted,,,,,
20553,Accepted,,,,,
20554,Accepted,,,,,
20555,Accepted,,,,,
20556,Accepted,,,,,
20557,Accepted,,,,,
20558,Accepted,,,,,
20559,Accepted,,,,,
20560,Accepted,,,,,
20561,Accepted,,,,,
20562,Accepted,,,,,
20563,Accepted,,,,,
20564,Accepted,,,,,
20565,Accepted,,,,,
20566,Accepted,,,,,
20567,Accepted,,,,,
20568,Accepted,,,,,
20569,Accepted,,,,,
20570,Accepted,,,,,
20571,Accepted,,,,,
20572,Accepted,,,,,
20573,Accepted,,,,,
20574,Accepted,,,,,
20575,Accepted,,,,,
20576,Accepted,,,,,
20577,Accepted,,,,,
20578,Accepted,,,,,
20579,Accepted,,,,,
20580,Accepted,,,,,
20581,Accepted,,,,,
20582,Accepted,,,,,
20583,Accepted,,,,,
20584,Accepted,,,,,
20585,Accepted,,,,,
20586,Accepted,,,,,
20587,Accepted,,,,,
20588,Accepted,,,,,
20589,Accepted,,,,,
20590,Accepted,,,,,
20591,Accepted,,,,,
20592,Accepted,,,,,
20593,Accepted,,,,,
20594,Accepted,,,,,
20595,Accepted,,,,,
20596,Accepted,,,,,
20597,Accepted,,,,,
20598,Accepted,,,,,
20599,Accepted,,,,,
20600,Accepted,,,,,
20601,Accepted,,,,,
20602,Accepted,,,,,
20603,Accepted,,,,,
20604,Accepted,,,,,
20605,Accepted,,,,,
20606,Accepted,,,,,
20607,Accepted,,,,,
20608,Accepted,,,,,
20609,Accepted,,,,,
20610,Accepted,,,,,
20611,Accepted,,,,,
20612,Accepted,,,,,
20613,Accepted,,,,,
20614,Accepted,,,,,
20615,Accepted,,,,,
20616,Accepted,,,,,
20617,Accepted,,,,,
20618,Accepted,,,,,
20619,Accepted,,,,,
20620,Accepted,,,,,
20621,Accepted,,,,,
20622,Accepted,,,,,
20623,Accepted,,,,,
20624,Accepted,,,,,
20625,Accepted,,,,,
20626,Accepted,,,,,
20627,Accepted,,,,,
20628,Accepted,,,,,
20629,Accepted,,,,,
20630,Accepted,,,,,
20631,Accepted,,,,,
20632,Accepted,,,,,
20633,Accepted,,,,,
20634,Accepted,,,,,
20635,Accepted,,,,,
20636,Accepted,,,,,
20637,Accepted,,,,,
20638,Accepted,,,,,
20639,Accepted,,,,,
20640,Accepted,,,,,
20641,Accepted,,,,,
20642,Accepted,,,,,
20643,Accepted,,,,,
20644,Accepted,,,,,
20645,Accepted,,,,,
20646,Accepted,,,,,
20647,Accepted,,,,,
20648,Accepted,,,,,
20649,Accepted,,,,,
20650,Accepted,,,,,
20651,Accepted,,,,,
20652,Accepted,,,,,
20653,Accepted,,,,,
20654,Accepted,,,,,
20655,Accepted,,,,,
20656,Accepted,,,,,
20657,Accepted,,,,,
20658,Accepted,,,,,
20659,Accepted,,,,,
20660,Accepted,,,,,
20661,Accepted,,,,,
20662,Accepted,,,,,
20663,Accepted,,,,,
20664,Accepted,,,,,
20665,Accepted,,,,,
20666,Accepted,,,,,
20667,Accepted,,,,,
20668,Accepted,,,,,
20669,Accepted,,,,,
20670,Accepted,,,,,
20671,Accepted,,,,,
20672,Accepted,,,,,
20673,Accepted,,,,,
20674,Accepted,,,,,
20675,Accepted,,,,,
20676,Accepted,,,,,
20677,Accepted,,,,,
20678,Accepted,,,,,
20679,Accepted,,,,,
20680,Accepted,,,,,
20681,Accepted,,,,,
20682,Accepted,,,,,
20683,Accepted,,,,,
20684,Accepted,,,,,
20685,Accepted,,,,,
20686,Accepted,,,,,
20687,Accepted,,,,,
20688,Accepted,,,,,
20689,Accepted,,,,,
20690,Accepted,,,,,
20691,Accepted,,,,,
20692,Accepted,,,,,
20693,Accepted,,,,,
20694,Accepted,,,,,
20695,Accepted,,,,,
20696,Accepted,,,,,
20697,Accepted,,,,,
20698,Accepted,,,,,
20699,Accepted,,,,,
20700,Accepted,,,,,
20701,Accepted,,,,,
20702,Accepted,,,,,
20703,Accepted,,,,,
20704,Accepted,,,,,
20705,Accepted,,,,,
20706,Accepted,,,,,
20707,Accepted,,,,,
20708,Accepted,,,,,
20709,Accepted,,,,,
20710,Accepted,,,,,
20711,Accepted,,,,,
20712,Accepted,,,,,
20713,Accepted,,,,,
20714,Accepted,,,,,
20715,Accepted,,,,,
20716,Accepted,,,,,
20717,Accepted,,,,,
20718,Accepted,,,,,
20719,Accepted,,,,,
20720,Accepted,,,,,
20721,Accepted,,,,,
20722,Accepted,,,,,
20723,Accepted,,,,,
20724,Accepted,,,,,
20725,Accepted,,,,,
20726,Accepted,,,,,
20727,Accepted,,,,,
20728,Accepted,,,,,
20729,Accepted,,,,,
20730,Accepted,,,,,
20731,Accepted,,,,,
20732,Accepted,,,,,
20733,Accepted,,,,,
20734,Accepted,,,,,
20735,Accepted,,,,,
20736,Accepted,,,,,
20737,Accepted,,,,,
20738,Accepted,,,,,
20739,Accepted,,,,,
20740,Accepted,,,,,
20741,Accepted,,,,,
20742,Accepted,,,,,
20743,Accepted,,,,,
20744,Accepted,,,,,
20745,Accepted,,,,,
20746,Accepted,,,,,
20747,Accepted,,,,,
20748,Accepted,,,,,
20749,Accepted,,,,,
20750,Accepted,,,,,
20751,Accepted,,,,,
20752,Accepted,,,,,
20753,Accepted,,,,,
20754,Accepted,,,,,
20755,Accepted,,,,,
20756,Accepted,,,,,
20757,Accepted,,,,,
20758,Accepted,,,,,
20759,Accepted,,,,,
20760,Accepted,,,,,
20761,Accepted,,,,,
20762,Accepted,,,,,
20763,Accepted,,,,,
20764,Accepted,,,,,
20765,Accepted,,,,,
20766,Accepted,,,,,
20767,Accepted,,,,,
20768,Accepted,,,,,
20769,Accepted,,,,,
20770,Accepted,,,,,
20771,Accepted,,,,,
20772,Accepted,,,,,
20773,Accepted,,,,,
20774,Accepted,,,,,
20775,Accepted,,,,,
20776,Accepted,,,,,
20777,Accepted,,,,,
20778,Accepted,,,,,
20779,Accepted,,,,,
20780,Accepted,,,,,
20781,Accepted,,,,,
20782,Accepted,,,,,
20783,Accepted,,,,,
20784,Accepted,,,,,
20785,Accepted,,,,,
20786,Accepted,,,,,
20787,Accepted,,,,,
20788,Accepted,,,,,
20789,Accepted,,,,,
20790,Accepted,,,,,
20791,Accepted,,,,,
20792,Accepted,,,,,
20793,Accepted,,,,,
20794,Accepted,,,,,
20795,Accepted,,,,,
20796,Accepted,,,,,
20797,Accepted,,,,,
20798,Accepted,,,,,
20799,Accepted,,,,,
20800,Accepted,,,,,
20801,Accepted,,,,,
20802,Accepted,,,,,
20803,Accepted,,,,,
20804,Accepted,,,,,
20805,Accepted,,,,,
20806,Accepted,,,,,
20807,Accepted,,,,,
20808,Accepted,,,,,
20809,Accepted,,,,,
20810,Accepted,,,,,
20811,Accepted,,,,,
20812,Accepted,,,,,
20813,Accepted,,,,,
20814,Accepted,,,,,
20815,Accepted,,,,,
20816,Accepted,,,,,
20817,Accepted,,,,,
20818,Accepted,,,,,
20819,Accepted,,,,,
20820,Accepted,,,,,
20821,Accepted,,,,,
20822,Accepted,,,,,
20823,Accepted,,,,,
20824,Accepted,,,,,
20825,Accepted,,,,,
20826,Accepted,,,,,
20827,Accepted,,,,,
20828,Accepted,,,,,
20829,Accepted,,,,,
20830,Accepted,,,,,
20831,Accepted,,,,,
20832,Accepted,,,,,
20833,Accepted,,,,,
20834,Accepted,,,,,
20835,Accepted,,,,,
20836,Accepted,,,,,
20837,Accepted,,,,,
20838,Accepted,,,,,
20839,Accepted,,,,,
20840,Accepted,,,,,
20841,Accepted,,,,,
20842,Accepted,,,,,
20843,Accepted,,,,,
20844,Accepted,,,,,
20845,Accepted,,,,,
20846,Accepted,,,,,
20847,Accepted,,,,,
20848,Accepted,,,,,
20849,Accepted,,,,,
20850,Accepted,,,,,
20851,Accepted,,,,,
20852,Accepted,,,,,
20853,Accepted,,,,,
20854,Accepted,,,,,
20855,Accepted,,,,,
20856,Accepted,,,,,
20857,Accepted,,,,,
20858,Accepted,,,,,
20859,Accepted,,,,,
20860,Accepted,,,,,
20861,Accepted,,,,,
20862,Accepted,,,,,
20863,Accepted,,,,,
20864,Accepted,,,,,
20865,Accepted,,,,,
20866,Accepted,,,,,
20867,Accepted,,,,,
20868,Accepted,,,,,
20869,Accepted,,,,,
20870,Accepted,,,,,
20871,Accepted,,,,,
20872,Accepted,,,,,
20873,Accepted,,,,,
20874,Accepted,,,,,
20875,Accepted,,,,,
20876,Accepted,,,,,
20877,Accepted,,,,,
20878,Accepted,,,,,
20879,Accepted,,,,,
20880,Accepted,,,,,
20881,Accepted,,,,,
20882,Accepted,,,,,
20883,Accepted,,,,,
20884,Accepted,,,,,
20885,Accepted,,,,,
20886,Accepted,,,,,
20887,Accepted,,,,,
20888,Accepted,,,,,
20889,Accepted,,,,,
20890,Accepted,,,,,
20891,Accepted,,,,,
20892,Accepted,,,,,
20893,Accepted,,,,,
20894,Accepted,,,,,
20895,Accepted,,,,,
20896,Accepted,,,,,
20897,Accepted,,,,,
20898,Accepted,,,,,
20899,Accepted,,,,,
20900,Accepted,,,,,
20901,Accepted,,,,,
20902,Accepted,,,,,
20903,Accepted,,,,,
20904,Accepted,,,,,
20905,Accepted,,,,,
20906,Accepted,,,,,
20907,Accepted,,,,,
20908,Accepted,,,,,
20909,Accepted,,,,,
20910,Accepted,,,,,
20911,Accepted,,,,,
20912,Accepted,,,,,
20913,Accepted,,,,,
20914,Accepted,,,,,
20915,Accepted,,,,,
20916,Accepted,,,,,
20917,Accepted,,,,,
20918,Accepted,,,,,
20919,Accepted,,,,,
20920,Accepted,,,,,
20921,Accepted,,,,,
20922,Accepted,,,,,
20923,Accepted,,,,,
20924,Accepted,,,,,
20925,Accepted,,,,,
20926,Accepted,,,,,
20927,Accepted,,,,,
20928,Accepted,,,,,
20929,Accepted,,,,,
20930,Accepted,,,,,
20931,Accepted,,,,,
20932,Accepted,,,,,
20933,Accepted,,,,,
20934,Accepted,,,,,
20935,Accepted,,,,,
20936,Accepted,,,,,
20937,Accepted,,,,,
20938,Accepted,,,,,
20939,Accepted,,,,,
20940,Accepted,,,,,
20941,Accepted,,,,,
20942,Accepted,,,,,
20943,Accepted,,,,,
20944,Accepted,,,,,
20945,Accepted,,,,,
20946,Accepted,,,,,
20947,Accepted,,,,,
20948,Accepted,,,,,
20949,Accepted,,,,,
20950,Accepted,,,,,
20951,Accepted,,,,,
20952,Accepted,,,,,
20953,Accepted,,,,,
20954,Accepted,,,,,
20955,Accepted,,,,,
20956,Accepted,,,,,
20957,Accepted,,,,,
20958,Accepted,,,,,
20959,Accepted,,,,,
20960,Accepted,,,,,
20961,Accepted,,,,,
20962,Accepted,,,,,
20963,Accepted,,,,,
20964,Accepted,,,,,
20965,Accepted,,,,,
20966,Accepted,,,,,
20967,Accepted,,,,,
20968,Accepted,,,,,
20969,Accepted,,,,,
20970,Accepted,,,,,
20971,Accepted,,,,,
20972,Accepted,,,,,
20973,Accepted,,,,,
20974,Accepted,,,,,
20975,Accepted,,,,,
20976,Accepted,,,,,
20977,Accepted,,,,,
20978,Accepted,,,,,
20979,Accepted,,,,,
20980,Accepted,,,,,
20981,Accepted,,,,,
20982,Accepted,,,,,
20983,Accepted,,,,,
20984,Accepted,,,,,
20985,Accepted,,,,,
20986,Accepted,,,,,
20987,Accepted,,,,,
20988,Accepted,,,,,
20989,Accepted,,,,,
20990,Accepted,,,,,
20991,Accepted,,,,,
20992,Accepted,,,,,
20993,Accepted,,,,,
20994,Accepted,,,,,
20995,Accepted,,,,,
20996,Accepted,,,,,
20997,Accepted,,,,,
20998,Accepted,,,,,
20999,Accepted,,,,,
21000,Accepted,,,,,
21001,Accepted,,,,,
21002,Accepted,,,,,
21003,Accepted,,,,,
21004,Accepted,,,,,
21005,Accepted,,,,,
21006,Accepted,,,,,
21007,Accepted,,,,,
21008,Accepted,,,,,
21009,Accepted,,,,,
21010,Accepted,,,,,
21011,Accepted,,,,,
21012,Accepted,,,,,
21013,Accepted,,,,,
21014,Accepted,,,,,
21015,Accepted,,,,,
21016,Accepted,,,,,
21017,Accepted,,,,,
21018,Accepted,,,,,
21019,Accepted,,,,,
21020,Accepted,,,,,
21021,Accepted,,,,,
21022,Accepted,,,,,
21023,Accepted,,,,,
21024,Accepted,,,,,
21025,Accepted,,,,,
21026,Accepted,,,,,
21027,Accepted,,,,,
21028,Accepted,,,,,
21029,Accepted,,,,,
21030,Accepted,,,,,
21031,Accepted,,,,,
21032,Accepted,,,,,
21033,Accepted,,,,,
21034,Accepted,,,,,
21035,Accepted,,,,,
21036,Accepted,,,,,
21037,Accepted,,,,,
21038,Accepted,,,,,
21039,Accepted,,,,,
21040,Accepted,,,,,
21041,Accepted,,,,,
21042,Accepted,,,,,
21043,Accepted,,,,,
21044,Accepted,,,,,
21045,Accepted,,,,,
21046,Accepted,,,,,
21047,Accepted,,,,,
21048,Accepted,,,,,
21049,Accepted,,,,,
21050,Accepted,,,,,
21051,Accepted,,,,,
21052,Accepted,,,,,
21053,Accepted,,,,,
21054,Accepted,,,,,
21055,Accepted,,,,,
21056,Accepted,,,,,
21057,Accepted,,,,,
21058,Accepted,,,,,
21059,Accepted,,,,,
21060,Accepted,,,,,
21061,Accepted,,,,,
21062,Accepted,,,,,
21063,Accepted,,,,,
21064,Accepted,,,,,
21065,Accepted,,,,,
21066,Accepted,,,,,
21067,Accepted,,,,,
21068,Accepted,,,,,
21069,Accepted,,,,,
21070,Accepted,,,,,
21071,Accepted,,,,,
21072,Accepted,,,,,
21073,Accepted,,,,,
21074,Accepted,,,,,
21075,Accepted,,,,,
21076,Accepted,,,,,
21077,Accepted,,,,,
21078,Accepted,,,,,
21079,Accepted,,,,,
21080,Accepted,,,,,
21081,Accepted,,,,,
21082,Accepted,,,,,
21083,Accepted,,,,,
21084,Accepted,,,,,
21085,Accepted,,,,,
21086,Accepted,,,,,
21087,Accepted,,,,,
21088,Accepted,,,,,
21089,Accepted,,,,,
21090,Accepted,,,,,
21091,Accepted,,,,,
21092,Accepted,,,,,
21093,Accepted,,,,,
21094,Accepted,,,,,
21095,Accepted,,,,,
21096,Accepted,,,,,
21097,Accepted,,,,,
21098,Accepted,,,,,
21099,Accepted,,,,,
21100,Accepted,,,,,
21101,Accepted,,,,,
21102,Accepted,,,,,
21103,Accepted,,,,,
21104,Accepted,,,,,
21105,Accepted,,,,,
21106,Accepted,,,,,
21107,Accepted,,,,,
21108,Accepted,,,,,
21109,Accepted,,,,,
21110,Accepted,,,,,
21111,Accepted,,,,,
21112,Accepted,,,,,
21113,Accepted,,,,,
21114,Accepted,,,,,
21115,Accepted,,,,,
21116,Accepted,,,,,
21117,Accepted,,,,,
21118,Accepted,,,,,
21119,Accepted,,,,,
21120,Accepted,,,,,
21121,Accepted,,,,,
21122,Accepted,,,,,
21123,Accepted,,,,,
21124,Accepted,,,,,
21125,Accepted,,,,,
21126,Accepted,,,,,
21127,Accepted,,,,,
21128,Accepted,,,,,
21129,Accepted,,,,,
21130,Accepted,,,,,
21131,Accepted,,,,,
21132,Accepted,,,,,
21133,Accepted,,,,,
21134,Accepted,,,,,
21135,Accepted,,,,,
21136,Accepted,,,,,
21137,Accepted,,,,,
21138,Accepted,,,,,
21139,Accepted,,,,,
21140,Accepted,,,,,
21141,Accepted,,,,,
21142,Accepted,,,,,
21143,Accepted,,,,,
21144,Accepted,,,,,
21145,Accepted,,,,,
21146,Accepted,,,,,
21147,Accepted,,,,,
21148,Accepted,,,,,
21149,Accepted,,,,,
21150,Accepted,,,,,
21151,Accepted,,,,,
21152,Accepted,,,,,
21153,Accepted,,,,,
21154,Accepted,,,,,
21155,Accepted,,,,,
21156,Accepted,,,,,
21157,Accepted,,,,,
21158,Accepted,,,,,
21159,Accepted,,,,,
21160,Accepted,,,,,
21161,Accepted,,,,,
21162,Accepted,,,,,
21163,Accepted,,,,,
21164,Accepted,,,,,
21165,Accepted,,,,,
21166,Accepted,,,,,
21167,Accepted,,,,,
21168,Accepted,,,,,
21169,Accepted,,,,,
21170,Accepted,,,,,
21171,Accepted,,,,,
21172,Accepted,,,,,
21173,Accepted,,,,,
21174,Accepted,,,,,
21175,Accepted,,,,,
21176,Accepted,,,,,
21177,Accepted,,,,,
21178,Accepted,,,,,
21179,Accepted,,,,,
21180,Accepted,,,,,
21181,Accepted,,,,,
21182,Accepted,,,,,
21183,Accepted,,,,,
21184,Accepted,,,,,
21185,Accepted,,,,,
21186,Accepted,,,,,
21187,Accepted,,,,,
21188,Accepted,,,,,
21189,Accepted,,,,,
21190,Accepted,,,,,
21191,Accepted,,,,,
21192,Accepted,,,,,
21193,Accepted,,,,,
21194,Accepted,,,,,
21195,Accepted,,,,,
21196,Accepted,,,,,
21197,Accepted,,,,,
21198,Accepted,,,,,
21199,Accepted,,,,,
21200,Accepted,,,,,
21201,Accepted,,,,,
21202,Accepted,,,,,
21203,Accepted,,,,,
21204,Accepted,,,,,
21205,Accepted,,,,,
21206,Accepted,,,,,
21207,Accepted,,,,,
21208,Accepted,,,,,
21209,Accepted,,,,,
21210,Accepted,,,,,
21211,Accepted,,,,,
21212,Accepted,,,,,
21213,Accepted,,,,,
21214,Accepted,,,,,
21215,Accepted,,,,,
21216,Accepted,,,,,
21217,Accepted,,,,,
21218,Accepted,,,,,
21219,Accepted,,,,,
21220,Accepted,,,,,
21221,Accepted,,,,,
21222,Accepted,,,,,
21223,Accepted,,,,,
21224,Accepted,,,,,
21225,Accepted,,,,,
21226,Accepted,,,,,
21227,Accepted,,,,,
21228,Accepted,,,,,
21229,Accepted,,,,,
21230,Accepted,,,,,
21231,Accepted,,,,,
21232,Accepted,,,,,
21233,Accepted,,,,,
21234,Accepted,,,,,
21235,Accepted,,,,,
21236,Accepted,,,,,
21237,Accepted,,,,,
21238,Accepted,,,,,
21239,Accepted,,,,,
21240,Accepted,,,,,
21241,Accepted,,,,,
21242,Accepted,,,,,
21243,Accepted,,,,,
21244,Accepted,,,,,
21245,Accepted,,,,,
21246,Accepted,,,,,
21247,Accepted,,,,,
21248,Accepted,,,,,
21249,Accepted,,,,,
21250,Accepted,,,,,
21251,Accepted,,,,,
21252,Accepted,,,,,
21253,Accepted,,,,,
21254,Accepted,,,,,
21255,Accepted,,,,,
21256,Accepted,,,,,
21257,Accepted,,,,,
21258,Accepted,,,,,
21259,Accepted,,,,,
21260,Accepted,,,,,
21261,Accepted,,,,,
21262,Accepted,,,,,
21263,Accepted,,,,,
21264,Accepted,,,,,
21265,Accepted,,,,,
21266,Accepted,,,,,
21267,Accepted,,,,,
21268,Accepted,,,,,
21269,Accepted,,,,,
21270,Accepted,,,,,
21271,Accepted,,,,,
21272,Accepted,,,,,
21273,Accepted,,,,,
21274,Accepted,,,,,
21275,Accepted,,,,,
21276,Accepted,,,,,
21277,Accepted,,,,,
21278,Accepted,,,,,
21279,Accepted,,,,,
21280,Accepted,,,,,
21281,Accepted,,,,,
21282,Accepted,,,,,
21283,Accepted,,,,,
21284,Accepted,,,,,
21285,Accepted,,,,,
21286,Accepted,,,,,
21287,Accepted,,,,,
21288,Accepted,,,,,
21289,Accepted,,,,,
21290,Accepted,,,,,
21291,Accepted,,,,,
21292,Accepted,,,,,
21293,Accepted,,,,,
21294,Accepted,,,,,
21295,Accepted,,,,,
21296,Accepted,,,,,
21297,Accepted,,,,,
21298,Accepted,,,,,
21299,Accepted,,,,,
21300,Accepted,,,,,
21301,Accepted,,,,,
21302,Accepted,,,,,
21303,Accepted,,,,,
21304,Accepted,,,,,
21305,Accepted,,,,,
21306,Accepted,,,,,
21307,Accepted,,,,,
21308,Accepted,,,,,
21309,Accepted,,,,,
21310,Accepted,,,,,
21311,Accepted,,,,,
21312,Accepted,,,,,
21313,Accepted,,,,,
21314,Accepted,,,,,
21315,Accepted,,,,,
21316,Accepted,,,,,
21317,Accepted,,,,,
21318,Accepted,,,,,
21319,Accepted,,,,,
21320,Accepted,,,,,
21321,Accepted,,,,,
21322,Accepted,,,,,
21323,Accepted,,,,,
21324,Accepted,,,,,
21325,Accepted,,,,,
21326,Accepted,,,,,
21327,Accepted,,,,,
21328,Accepted,,,,,
21329,Accepted,,,,,
21330,Accepted,,,,,
21331,Accepted,,,,,
21332,Accepted,,,,,
21333,Accepted,,,,,
21334,Accepted,,,,,
21335,Accepted,,,,,
21336,Accepted,,,,,
21337,Accepted,,,,,
21338,Accepted,,,,,
21339,Accepted,,,,,
21340,Accepted,,,,,
21341,Accepted,,,,,
21342,Accepted,,,,,
21343,Accepted,,,,,
21344,Accepted,,,,,
21345,Accepted,,,,,
21346,Accepted,,,,,
21347,Accepted,,,,,
21348,Accepted,,,,,
21349,Accepted,,,,,
21350,Accepted,,,,,
21351,Accepted,,,,,
21352,Accepted,,,,,
21353,Accepted,,,,,
21354,Accepted,,,,,
21355,Accepted,,,,,
21356,Accepted,,,,,
21357,Accepted,,,,,
21358,Accepted,,,,,
21359,Accepted,,,,,
21360,Accepted,,,,,
21361,Accepted,,,,,
21362,Accepted,,,,,
21363,Accepted,,,,,
21364,Accepted,,,,,
21365,Accepted,,,,,
21366,Accepted,,,,,
21367,Accepted,,,,,
21368,Accepted,,,,,
21369,Accepted,,,,,
21370,Accepted,,,,,
21371,Accepted,,,,,
21372,Accepted,,,,,
21373,Accepted,,,,,
21374,Accepted,,,,,
21375,Accepted,,,,,
21376,Accepted,,,,,
21377,Accepted,,,,,
21378,Accepted,,,,,
21379,Accepted,,,,,
21380,Accepted,,,,,
21381,Accepted,,,,,
21382,Accepted,,,,,
21383,Accepted,,,,,
21384,Accepted,,,,,
21385,Accepted,,,,,
21386,Accepted,,,,,
21387,Accepted,,,,,
21388,Accepted,,,,,
21389,Accepted,,,,,
21390,Accepted,,,,,
21391,Accepted,,,,,
21392,Accepted,,,,,
21393,Accepted,,,,,
21394,Accepted,,,,,
21395,Accepted,,,,,
21396,Accepted,,,,,
21397,Accepted,,,,,
21398,Accepted,,,,,
21399,Accepted,,,,,
21400,Accepted,,,,,
21401,Accepted,,,,,
21402,Accepted,,,,,
21403,Accepted,,,,,
21404,Accepted,,,,,
21405,Accepted,,,,,
21406,Accepted,,,,,
21407,Accepted,,,,,
21408,Accepted,,,,,
21409,Accepted,,,,,
21410,Accepted,,,,,
21411,Accepted,,,,,
21412,Accepted,,,,,
21413,Accepted,,,,,
21414,Accepted,,,,,
21415,Accepted,,,,,
21416,Accepted,,,,,
21417,Accepted,,,,,
21418,Accepted,,,,,
21419,Accepted,,,,,
21420,Accepted,,,,,
21421,Accepted,,,,,
21422,Accepted,,,,,
21423,Accepted,,,,,
21424,Accepted,,,,,
21425,Accepted,,,,,
21426,Accepted,,,,,
21427,Accepted,,,,,
21428,Accepted,,,,,
21429,Accepted,,,,,
21430,Accepted,,,,,
21431,Accepted,,,,,
21432,Accepted,,,,,
21433,Accepted,,,,,
21434,Accepted,,,,,
21435,Accepted,,,,,
21436,Accepted,,,,,
21437,Accepted,,,,,
21438,Accepted,,,,,
21439,Accepted,,,,,
21440,Accepted,,,,,
21441,Accepted,,,,,
21442,Accepted,,,,,
21443,Accepted,,,,,
21444,Accepted,,,,,
21445,Accepted,,,,,
21446,Accepted,,,,,
21447,Accepted,,,,,
21448,Accepted,,,,,
21449,Accepted,,,,,
21450,Accepted,,,,,
21451,Accepted,,,,,
21452,Accepted,,,,,
21453,Accepted,,,,,
21454,Accepted,,,,,
21455,Accepted,,,,,
21456,Accepted,,,,,
21457,Accepted,,,,,
21458,Accepted,,,,,
21459,Accepted,,,,,
21460,Accepted,,,,,
21461,Accepted,,,,,
21462,Accepted,,,,,
21463,Accepted,,,,,
21464,Accepted,,,,,
21465,Accepted,,,,,
21466,Accepted,,,,,
21467,Accepted,,,,,
21468,Accepted,,,,,
21469,Accepted,,,,,
21470,Accepted,,,,,
21471,Accepted,,,,,
21472,Accepted,,,,,
21473,Accepted,,,,,
21474,Accepted,,,,,
21475,Accepted,,,,,
21476,Accepted,,,,,
21477,Accepted,,,,,
21478,Accepted,,,,,
21479,Accepted,,,,,
21480,Accepted,,,,,
21481,Accepted,,,,,
21482,Accepted,,,,,
21483,Accepted,,,,,
21484,Accepted,,,,,
21485,Accepted,,,,,
21486,Accepted,,,,,
21487,Accepted,,,,,
21488,Accepted,,,,,
21489,Accepted,,,,,
21490,Accepted,,,,,
21491,Accepted,,,,,
21492,Accepted,,,,,
21493,Accepted,,,,,
21494,Accepted,,,,,
21495,Accepted,,,,,
21496,Accepted,,,,,
21497,Accepted,,,,,
21498,Accepted,,,,,
21499,Accepted,,,,,
21500,Accepted,,,,,
21501,Accepted,,,,,
21502,Accepted,,,,,
21503,Accepted,,,,,
21504,Accepted,,,,,
21505,Accepted,,,,,
21506,Accepted,,,,,
21507,Accepted,,,,,
21508,Accepted,,,,,
21509,Accepted,,,,,
21510,Accepted,,,,,
21511,Accepted,,,,,
21512,Accepted,,,,,
21513,Accepted,,,,,
21514,Accepted,,,,,
21515,Accepted,,,,,
21516,Accepted,,,,,
21517,Accepted,,,,,
21518,Accepted,,,,,
21519,Accepted,,,,,
21520,Accepted,,,,,
21521,Accepted,,,,,
21522,Accepted,,,,,
21523,Accepted,,,,,
21524,Accepted,,,,,
21525,Accepted,,,,,
21526,Accepted,,,,,
21527,Accepted,,,,,
21528,Accepted,,,,,
21529,Accepted,,,,,
21530,Accepted,,,,,
21531,Accepted,,,,,
21532,Accepted,,,,,
21533,Accepted,,,,,
21534,Accepted,,,,,
21535,Accepted,,,,,
21536,Accepted,,,,,
21537,Accepted,,,,,
21538,Accepted,,,,,
21539,Accepted,,,,,
21540,Accepted,,,,,
21541,Accepted,,,,,
21542,Accepted,,,,,
21543,Accepted,,,,,
21544,Accepted,,,,,
21545,Accepted,,,,,
21546,Accepted,,,,,
21547,Accepted,,,,,
21548,Accepted,,,,,
21549,Accepted,,,,,
21550,Accepted,,,,,
21551,Accepted,,,,,
21552,Accepted,,,,,
21553,Accepted,,,,,
21554,Accepted,,,,,
21555,Accepted,,,,,
21556,Accepted,,,,,
21557,Accepted,,,,,
21558,Accepted,,,,,
21559,Accepted,,,,,
21560,Accepted,,,,,
21561,Accepted,,,,,
21562,Accepted,,,,,
21563,Accepted,,,,,
21564,Accepted,,,,,
21565,Accepted,,,,,
21566,Accepted,,,,,
21567,Accepted,,,,,
21568,Accepted,,,,,
21569,Accepted,,,,,
21570,Accepted,,,,,
21571,Accepted,,,,,
21572,Accepted,,,,,
21573,Accepted,,,,,
21574,Accepted,,,,,
21575,Accepted,,,,,
21576,Accepted,,,,,
21577,Accepted,,,,,
21578,Accepted,,,,,
21579,Accepted,,,,,
21580,Accepted,,,,,
21581,Accepted,,,,,
21582,Accepted,,,,,
21583,Accepted,,,,,
21584,Accepted,,,,,
21585,Accepted,,,,,
21586,Accepted,,,,,
21587,Accepted,,,,,
21588,Accepted,,,,,
21589,Accepted,,,,,
21590,Accepted,,,,,
21591,Accepted,,,,,
21592,Accepted,,,,,
21593,Accepted,,,,,
21594,Accepted,,,,,
21595,Accepted,,,,,
21596,Accepted,,,,,
21597,Accepted,,,,,
21598,Accepted,,,,,
21599,Accepted,,,,,
21600,Accepted,,,,,
21601,Accepted,,,,,
21602,Accepted,,,,,
21603,Accepted,,,,,
21604,Accepted,,,,,
21605,Accepted,,,,,
21606,Accepted,,,,,
21607,Accepted,,,,,
21608,Accepted,,,,,
21609,Accepted,,,,,
21610,Accepted,,,,,
21611,Accepted,,,,,
21612,Accepted,,,,,
21613,Accepted,,,,,
21614,Accepted,,,,,
21615,Accepted,,,,,
21616,Accepted,,,,,
21617,Accepted,,,,,
21618,Accepted,,,,,
21619,Accepted,,,,,
21620,Accepted,,,,,
21621,Accepted,,,,,
21622,Accepted,,,,,
21623,Accepted,,,,,
21624,Accepted,,,,,
21625,Accepted,,,,,
21626,Accepted,,,,,
21627,Accepted,,,,,
21628,Accepted,,,,,
21629,Accepted,,,,,
21630,Accepted,,,,,
21631,Accepted,,,,,
21632,Accepted,,,,,
21633,Accepted,,,,,
21634,Accepted,,,,,
21635,Accepted,,,,,
21636,Accepted,,,,,
21637,Accepted,,,,,
21638,Accepted,,,,,
21639,Accepted,,,,,
21640,Accepted,,,,,
21641,Accepted,,,,,
21642,Accepted,,,,,
21643,Accepted,,,,,
21644,Accepted,,,,,
21645,Accepted,,,,,
21646,Accepted,,,,,
21647,Accepted,,,,,
21648,Accepted,,,,,
21649,Accepted,,,,,
21650,Accepted,,,,,
21651,Accepted,,,,,
21652,Accepted,,,,,
21653,Accepted,,,,,
21654,Accepted,,,,,
21655,Accepted,,,,,
21656,Accepted,,,,,
21657,Accepted,,,,,
21658,Accepted,,,,,
21659,Accepted,,,,,
21660,Accepted,,,,,
21661,Accepted,,,,,
21662,Accepted,,,,,
21663,Accepted,,,,,
21664,Accepted,,,,,
21665,Accepted,,,,,
21666,Accepted,,,,,
21667,Accepted,,,,,
21668,Accepted,,,,,
21669,Accepted,,,,,
21670,Accepted,,,,,
21671,Accepted,,,,,
21672,Accepted,,,,,
21673,Accepted,,,,,
21674,Accepted,,,,,
21675,Accepted,,,,,
21676,Accepted,,,,,
21677,Accepted,,,,,
21678,Accepted,,,,,
21679,Accepted,,,,,
21680,Accepted,,,,,
21681,Accepted,,,,,
21682,Accepted,,,,,
21683,Accepted,,,,,
21684,Accepted,,,,,
21685,Accepted,,,,,
21686,Accepted,,,,,
21687,Accepted,,,,,
21688,Accepted,,,,,
21689,Accepted,,,,,
21690,Accepted,,,,,
21691,Accepted,,,,,
21692,Accepted,,,,,
21693,Accepted,,,,,
21694,Accepted,,,,,
21695,Accepted,,,,,
21696,Accepted,,,,,
21697,Accepted,,,,,
21698,Accepted,,,,,
21699,Accepted,,,,,
21700,Accepted,,,,,
21701,Accepted,,,,,
21702,Accepted,,,,,
21703,Accepted,,,,,
21704,Accepted,,,,,
21705,Accepted,,,,,
21706,Accepted,,,,,
21707,Accepted,,,,,
21708,Accepted,,,,,
21709,Accepted,,,,,
21710,Accepted,,,,,
21711,Accepted,,,,,
21712,Accepted,,,,,
21713,Accepted,,,,,
21714,Accepted,,,,,
21715,Accepted,,,,,
21716,Accepted,,,,,
21717,Accepted,,,,,
21718,Accepted,,,,,
21719,Accepted,,,,,
21720,Accepted,,,,,
21721,Accepted,,,,,
21722,Accepted,,,,,
21723,Accepted,,,,,
21724,Accepted,,,,,
21725,Accepted,,,,,
21726,Accepted,,,,,
21727,Accepted,,,,,
21728,Accepted,,,,,
21729,Accepted,,,,,
21730,Accepted,,,,,
21731,Accepted,,,,,
21732,Accepted,,,,,
21733,Accepted,,,,,
21734,Accepted,,,,,
21735,Accepted,,,,,
21736,Accepted,,,,,
21737,Accepted,,,,,
21738,Accepted,,,,,
21739,Accepted,,,,,
21740,Accepted,,,,,
21741,Accepted,,,,,
21742,Accepted,,,,,
21743,Accepted,,,,,
21744,Accepted,,,,,
21745,Accepted,,,,,
21746,Accepted,,,,,
21747,Accepted,,,,,
21748,Accepted,,,,,
21749,Accepted,,,,,
21750,Accepted,,,,,
21751,Accepted,,,,,
21752,Accepted,,,,,
21753,Accepted,,,,,
21754,Accepted,,,,,
21755,Accepted,,,,,
21756,Accepted,,,,,
21757,Accepted,,,,,
21758,Accepted,,,,,
21759,Accepted,,,,,
21760,Accepted,,,,,
21761,Accepted,,,,,
21762,Accepted,,,,,
21763,Accepted,,,,,
21764,Accepted,,,,,
21765,Accepted,,,,,
21766,Accepted,,,,,
21767,Accepted,,,,,
21768,Accepted,,,,,
21769,Accepted,,,,,
21770,Accepted,,,,,
21771,Accepted,,,,,
21772,Accepted,,,,,
21773,Accepted,,,,,
21774,Accepted,,,,,
21775,Accepted,,,,,
21776,Accepted,,,,,
21777,Accepted,,,,,
21778,Accepted,,,,,
21779,Accepted,,,,,
21780,Accepted,,,,,
21781,Accepted,,,,,
21782,Accepted,,,,,
21783,Accepted,,,,,
21784,Accepted,,,,,
21785,Accepted,,,,,
21786,Accepted,,,,,
21787,Accepted,,,,,
21788,Accepted,,,,,
21789,Accepted,,,,,
21790,Accepted,,,,,
21791,Accepted,,,,,
21792,Accepted,,,,,
21793,Accepted,,,,,
21794,Accepted,,,,,
21795,Accepted,,,,,
21796,Accepted,,,,,
21797,Accepted,,,,,
21798,Accepted,,,,,
21799,Accepted,,,,,
21800,Accepted,,,,,
21801,Accepted,,,,,
21802,Accepted,,,,,
21803,Accepted,,,,,
21804,Accepted,,,,,
21805,Accepted,,,,,
21806,Accepted,,,,,
21807,Accepted,,,,,
21808,Accepted,,,,,
21809,Accepted,,,,,
21810,Accepted,,,,,
21811,Accepted,,,,,
21812,Accepted,,,,,
21813,Accepted,,,,,
21814,Accepted,,,,,
21815,Accepted,,,,,
21816,Accepted,,,,,
21817,Accepted,,,,,
21818,Accepted,,,,,
21819,Accepted,,,,,
21820,Accepted,,,,,
21821,Accepted,,,,,
21822,Accepted,,,,,
21823,Accepted,,,,,
21824,Accepted,,,,,
21825,Accepted,,,,,
21826,Accepted,,,,,
21827,Accepted,,,,,
21828,Accepted,,,,,
21829,Accepted,,,,,
21830,Accepted,,,,,
21831,Accepted,,,,,
21832,Accepted,,,,,
21833,Accepted,,,,,
21834,Accepted,,,,,
21835,Accepted,,,,,
21836,Accepted,,,,,
21837,Accepted,,,,,
21838,Accepted,,,,,
21839,Accepted,,,,,
21840,Accepted,,,,,
21841,Accepted,,,,,
21842,Accepted,,,,,
21843,Accepted,,,,,
21844,Accepted,,,,,
21845,Accepted,,,,,
21846,Accepted,,,,,
21847,Accepted,,,,,
21848,Accepted,,,,,
21849,Accepted,,,,,
21850,Accepted,,,,,
21851,Accepted,,,,,
21852,Accepted,,,,,
21853,Accepted,,,,,
21854,Accepted,,,,,
21855,Accepted,,,,,
21856,Accepted,,,,,
21857,Accepted,,,,,
21858,Accepted,,,,,
21859,Accepted,,,,,
21860,Accepted,,,,,
21861,Accepted,,,,,
21862,Accepted,,,,,
21863,Accepted,,,,,
21864,Accepted,,,,,
21865,Accepted,,,,,
21866,Accepted,,,,,
21867,Accepted,,,,,
21868,Accepted,,,,,
21869,Accepted,,,,,
21870,Accepted,,,,,
21871,Accepted,,,,,
21872,Accepted,,,,,
21873,Accepted,,,,,
21874,Accepted,,,,,
21875,Accepted,,,,,
21876,Accepted,,,,,
21877,Accepted,,,,,
21878,Accepted,,,,,
21879,Accepted,,,,,
21880,Accepted,,,,,
21881,Accepted,,,,,
21882,Accepted,,,,,
21883,Accepted,,,,,
21884,Accepted,,,,,
21885,Accepted,,,,,
21886,Accepted,,,,,
21887,Accepted,,,,,
21888,Accepted,,,,,
21889,Accepted,,,,,
21890,Accepted,,,,,
21891,Accepted,,,,,
21892,Accepted,,,,,
21893,Accepted,,,,,
21894,Accepted,,,,,
21895,Accepted,,,,,
21896,Accepted,,,,,
21897,Accepted,,,,,
21898,Accepted,,,,,
21899,Accepted,,,,,
21900,Accepted,,,,,
21901,Accepted,,,,,
21902,Accepted,,,,,
21903,Accepted,,,,,
21904,Accepted,,,,,
21905,Accepted,,,,,
21906,Accepted,,,,,
21907,Accepted,,,,,
21908,Accepted,,,,,
21909,Accepted,,,,,
21910,Accepted,,,,,
21911,Accepted,,,,,
21912,Accepted,,,,,
21913,Accepted,,,,,
21914,Accepted,,,,,
21915,Accepted,,,,,
21916,Accepted,,,,,
21917,Accepted,,,,,
21918,Accepted,,,,,
21919,Accepted,,,,,
21920,Accepted,,,,,
21921,Accepted,,,,,
21922,Accepted,,,,,
21923,Accepted,,,,,
21924,Accepted,,,,,
21925,Accepted,,,,,
21926,Accepted,,,,,
21927,Accepted,,,,,
21928,Accepted,,,,,
21929,Accepted,,,,,
21930,Accepted,,,,,
21931,Accepted,,,,,
21932,Accepted,,,,,
21933,Accepted,,,,,
21934,Accepted,,,,,
21935,Accepted,,,,,
21936,Accepted,,,,,
21937,Accepted,,,,,
21938,Accepted,,,,,
21939,Accepted,,,,,
21940,Accepted,,,,,
21941,Accepted,,,,,
21942,Accepted,,,,,
21943,Accepted,,,,,
21944,Accepted,,,,,
21945,Accepted,,,,,
21946,Accepted,,,,,
21947,Accepted,,,,,
21948,Accepted,,,,,
21949,Accepted,,,,,
21950,Accepted,,,,,
21951,Accepted,,,,,
21952,Accepted,,,,,
21953,Accepted,,,,,
21954,Accepted,,,,,
21955,Accepted,,,,,
21956,Accepted,,,,,
21957,Accepted,,,,,
21958,Accepted,,,,,
21959,Accepted,,,,,
21960,Accepted,,,,,
21961,Accepted,,,,,
21962,Accepted,,,,,
21963,Accepted,,,,,
21964,Accepted,,,,,
21965,Accepted,,,,,
21966,Accepted,,,,,
21967,Accepted,,,,,
21968,Accepted,,,,,
21969,Accepted,,,,,
21970,Accepted,,,,,
21971,Accepted,,,,,
21972,Accepted,,,,,
21973,Accepted,,,,,
21974,Accepted,,,,,
21975,Accepted,,,,,
21976,Accepted,,,,,
21977,Accepted,,,,,
21978,Accepted,,,,,
21979,Accepted,,,,,
21980,Accepted,,,,,
21981,Accepted,,,,,
21982,Accepted,,,,,
21983,Accepted,,,,,
21984,Accepted,,,,,
21985,Accepted,,,,,
21986,Accepted,,,,,
21987,Accepted,,,,,
21988,Accepted,,,,,
21989,Accepted,,,,,
21990,Accepted,,,,,
21991,Accepted,,,,,
21992,Accepted,,,,,
21993,Accepted,,,,,
21994,Accepted,,,,,
21995,Accepted,,,,,
21996,Accepted,,,,,
21997,Accepted,,,,,
21998,Accepted,,,,,
21999,Accepted,,,,,
22000,Accepted,,,,,
22001,Accepted,,,,,
22002,Accepted,,,,,
22003,Accepted,,,,,
22004,Accepted,,,,,
22005,Accepted,,,,,
22006,Accepted,,,,,
22007,Accepted,,,,,
22008,Accepted,,,,,
22009,Accepted,,,,,
22010,Accepted,,,,,
22011,Accepted,,,,,
22012,Accepted,,,,,
22013,Accepted,,,,,
22014,Accepted,,,,,
22015,Accepted,,,,,
22016,Accepted,,,,,
22017,Accepted,,,,,
22018,Accepted,,,,,
22019,Accepted,,,,,
22020,Accepted,,,,,
22021,Accepted,,,,,
22022,Accepted,,,,,
22023,Accepted,,,,,
22024,Accepted,,,,,
22025,Accepted,,,,,
22026,Accepted,,,,,
22027,Accepted,,,,,
22028,Accepted,,,,,
22029,Accepted,,,,,
22030,Accepted,,,,,
22031,Accepted,,,,,
22032,Accepted,,,,,
22033,Accepted,,,,,
22034,Accepted,,,,,
22035,Accepted,,,,,
22036,Accepted,,,,,
22037,Accepted,,,,,
22038,Accepted,,,,,
22039,Accepted,,,,,
22040,Accepted,,,,,
22041,Accepted,,,,,
22042,Accepted,,,,,
22043,Accepted,,,,,
22044,Accepted,,,,,
22045,Accepted,,,,,
22046,Accepted,,,,,
22047,Accepted,,,,,
22048,Accepted,,,,,
22049,Accepted,,,,,
22050,Accepted,,,,,
22051,Accepted,,,,,
22052,Accepted,,,,,
22053,Accepted,,,,,
22054,Accepted,,,,,
22055,Accepted,,,,,
22056,Accepted,,,,,
22057,Accepted,,,,,
22058,Accepted,,,,,
22059,Accepted,,,,,
22060,Accepted,,,,,
22061,Accepted,,,,,
22062,Accepted,,,,,
22063,Accepted,,,,,
22064,Accepted,,,,,
22065,Accepted,,,,,
22066,Accepted,,,,,
22067,Accepted,,,,,
22068,Accepted,,,,,
22069,Accepted,,,,,
22070,Accepted,,,,,
22071,Accepted,,,,,
22072,Accepted,,,,,
22073,Accepted,,,,,
22074,Accepted,,,,,
22075,Accepted,,,,,
22076,Accepted,,,,,
22077,Accepted,,,,,
22078,Accepted,,,,,
22079,Accepted,,,,,
22080,Accepted,,,,,
22081,Accepted,,,,,
22082,Accepted,,,,,
22083,Accepted,,,,,
22084,Accepted,,,,,
22085,Accepted,,,,,
22086,Accepted,,,,,
22087,Accepted,,,,,
22088,Accepted,,,,,
22089,Accepted,,,,,
22090,Accepted,,,,,
22091,Accepted,,,,,
22092,Accepted,,,,,
22093,Accepted,,,,,
22094,Accepted,,,,,
22095,Accepted,,,,,
22096,Accepted,,,,,
22097,Accepted,,,,,
22098,Accepted,,,,,
22099,Accepted,,,,,
22100,Accepted,,,,,
22101,Accepted,,,,,
22102,Accepted,,,,,
22103,Accepted,,,,,
22104,Accepted,,,,,
22105,Accepted,,,,,
22106,Accepted,,,,,
22107,Accepted,,,,,
22108,Accepted,,,,,
22109,Accepted,,,,,
22110,Accepted,,,,,
22111,Accepted,,,,,
22112,Accepted,,,,,
22113,Accepted,,,,,
22114,Accepted,,,,,
22115,Accepted,,,,,
22116,Accepted,,,,,
22117,Accepted,,,,,
22118,Accepted,,,,,
22119,Accepted,,,,,
22120,Accepted,,,,,
22121,Accepted,,,,,
22122,Accepted,,,,,
22123,Accepted,,,,,
22124,Accepted,,,,,
22125,Accepted,,,,,
22126,Accepted,,,,,
22127,Accepted,,,,,
22128,Accepted,,,,,
22129,Accepted,,,,,
22130,Accepted,,,,,
22131,Accepted,,,,,
22132,Accepted,,,,,
22133,Accepted,,,,,
22134,Accepted,,,,,
22135,Accepted,,,,,
22136,Accepted,,,,,
22137,Accepted,,,,,
22138,Accepted,,,,,
22139,Accepted,,,,,
22140,Accepted,,,,,
22141,Accepted,,,,,
22142,Accepted,,,,,
22143,Accepted,,,,,
22144,Accepted,,,,,
22145,Accepted,,,,,
22146,Accepted,,,,,
22147,Accepted,,,,,
22148,Accepted,,,,,
22149,Accepted,,,,,
22150,Accepted,,,,,
22151,Accepted,,,,,
22152,Accepted,,,,,
22153,Accepted,,,,,
22154,Accepted,,,,,
22155,Accepted,,,,,
22156,Accepted,,,,,
22157,Accepted,,,,,
22158,Accepted,,,,,
22159,Accepted,,,,,
22160,Accepted,,,,,
22161,Accepted,,,,,
22162,Accepted,,,,,
22163,Accepted,,,,,
22164,Accepted,,,,,
22165,Accepted,,,,,
22166,Accepted,,,,,
22167,Accepted,,,,,
22168,Accepted,,,,,
22169,Accepted,,,,,
22170,Accepted,,,,,
22171,Accepted,,,,,
22172,Accepted,,,,,
22173,Accepted,,,,,
22174,Accepted,,,,,
22175,Accepted,,,,,
22176,Accepted,,,,,
22177,Accepted,,,,,
22178,Accepted,,,,,
22179,Accepted,,,,,
22180,Accepted,,,,,
22181,Accepted,,,,,
22182,Accepted,,,,,
22183,Accepted,,,,,
22184,Accepted,,,,,
22185,Accepted,,,,,
22186,Accepted,,,,,
22187,Accepted,,,,,
22188,Accepted,,,,,
22189,Accepted,,,,,
22190,Accepted,,,,,
22191,Accepted,,,,,
22192,Accepted,,,,,
22193,Accepted,,,,,
22194,Accepted,,,,,
22195,Accepted,,,,,
22196,Accepted,,,,,
22197,Accepted,,,,,
22198,Accepted,,,,,
22199,Accepted,,,,,
22200,Accepted,,,,,
22201,Accepted,,,,,
22202,Accepted,,,,,
22203,Accepted,,,,,
22204,Accepted,,,,,
22205,Accepted,,,,,
22206,Accepted,,,,,
22207,Accepted,,,,,
22208,Accepted,,,,,
22209,Accepted,,,,,
22210,Accepted,,,,,
22211,Accepted,,,,,
22212,Accepted,,,,,
22213,Accepted,,,,,
22214,Accepted,,,,,
22215,Accepted,,,,,
22216,Accepted,,,,,
22217,Accepted,,,,,
22218,Accepted,,,,,
22219,Accepted,,,,,
22220,Accepted,,,,,
22221,Accepted,,,,,
22222,Accepted,,,,,
22223,Accepted,,,,,
22224,Accepted,,,,,
22225,Accepted,,,,,
22226,Accepted,,,,,
22227,Accepted,,,,,
22228,Accepted,,,,,
22229,Accepted,,,,,
22230,Accepted,,,,,
22231,Accepted,,,,,
22232,Accepted,,,,,
22233,Accepted,,,,,
22234,Accepted,,,,,
22235,Accepted,,,,,
22236,Accepted,,,,,
22237,Accepted,,,,,
22238,Accepted,,,,,
22239,Accepted,,,,,
22240,Accepted,,,,,
22241,Accepted,,,,,
22242,Accepted,,,,,
22243,Accepted,,,,,
22244,Accepted,,,,,
22245,Accepted,,,,,
22246,Accepted,,,,,
22247,Accepted,,,,,
22248,Accepted,,,,,
22249,Accepted,,,,,
22250,Accepted,,,,,
22251,Accepted,,,,,
22252,Accepted,,,,,
22253,Accepted,,,,,
22254,Accepted,,,,,
22255,Accepted,,,,,
22256,Accepted,,,,,
22257,Accepted,,,,,
22258,Accepted,,,,,
22259,Accepted,,,,,
22260,Accepted,,,,,
22261,Accepted,,,,,
22262,Accepted,,,,,
22263,Accepted,,,,,
22264,Accepted,,,,,
22265,Accepted,,,,,
22266,Accepted,,,,,
22267,Accepted,,,,,
22268,Accepted,,,,,
22269,Accepted,,,,,
22270,Accepted,,,,,
22271,Accepted,,,,,
22272,Accepted,,,,,
22273,Accepted,,,,,
22274,Accepted,,,,,
22275,Accepted,,,,,
22276,Accepted,,,,,
22277,Accepted,,,,,
22278,Accepted,,,,,
22279,Accepted,,,,,
22280,Accepted,,,,,
22281,Accepted,,,,,
22282,Accepted,,,,,
22283,Accepted,,,,,
22284,Accepted,,,,,
22285,Accepted,,,,,
22286,Accepted,,,,,
22287,Accepted,,,,,
22288,Accepted,,,,,
22289,Accepted,,,,,
22290,Accepted,,,,,
22291,Accepted,,,,,
22292,Accepted,,,,,
22293,Accepted,,,,,
22294,Accepted,,,,,
22295,Accepted,,,,,
22296,Accepted,,,,,
22297,Accepted,,,,,
22298,Accepted,,,,,
22299,Accepted,,,,,
22300,Accepted,,,,,
22301,Accepted,,,,,
22302,Accepted,,,,,
22303,Accepted,,,,,
22304,Accepted,,,,,
22305,Accepted,,,,,
22306,Accepted,,,,,
22307,Accepted,,,,,
22308,Accepted,,,,,
22309,Accepted,,,,,
22310,Accepted,,,,,
22311,Accepted,,,,,
22312,Accepted,,,,,
22313,Accepted,,,,,
22314,Accepted,,,,,
22315,Accepted,,,,,
22316,Accepted,,,,,
22317,Accepted,,,,,
22318,Accepted,,,,,
22319,Accepted,,,,,
22320,Accepted,,,,,
22321,Accepted,,,,,
22322,Accepted,,,,,
22323,Accepted,,,,,
22324,Accepted,,,,,
22325,Accepted,,,,,
22326,Accepted,,,,,
22327,Accepted,,,,,
22328,Accepted,,,,,
22329,Accepted,,,,,
22330,Accepted,,,,,
22331,Accepted,,,,,
22332,Accepted,,,,,
22333,Accepted,,,,,
22334,Accepted,,,,,
22335,Accepted,,,,,
22336,Accepted,,,,,
22337,Accepted,,,,,
22338,Accepted,,,,,
22339,Accepted,,,,,
22340,Accepted,,,,,
22341,Accepted,,,,,
22342,Accepted,,,,,
22343,Accepted,,,,,
22344,Accepted,,,,,
22345,Accepted,,,,,
22346,Accepted,,,,,
22347,Accepted,,,,,
22348,Accepted,,,,,
22349,Accepted,,,,,
22350,Accepted,,,,,
22351,Accepted,,,,,
22352,Accepted,,,,,
22353,Accepted,,,,,
22354,Accepted,,,,,
22355,Accepted,,,,,
22356,Accepted,,,,,
22357,Accepted,,,,,
22358,Accepted,,,,,
22359,Accepted,,,,,
22360,Accepted,,,,,
22361,Accepted,,,,,
22362,Accepted,,,,,
22363,Accepted,,,,,
22364,Accepted,,,,,
22365,Accepted,,,,,
22366,Accepted,,,,,
22367,Accepted,,,,,
22368,Accepted,,,,,
22369,Accepted,,,,,
22370,Accepted,,,,,
22371,Accepted,,,,,
22372,Accepted,,,,,
22373,Accepted,,,,,
22374,Accepted,,,,,
22375,Accepted,,,,,
22376,Accepted,,,,,
22377,Accepted,,,,,
22378,Accepted,,,,,
22379,Accepted,,,,,
22380,Accepted,,,,,
22381,Accepted,,,,,
22382,Accepted,,,,,
22383,Accepted,,,,,
22384,Accepted,,,,,
22385,Accepted,,,,,
22386,Accepted,,,,,
22387,Accepted,,,,,
22388,Accepted,,,,,
22389,Accepted,,,,,
22390,Accepted,,,,,
22391,Accepted,,,,,
22392,Accepted,,,,,
22393,Accepted,,,,,
22394,Accepted,,,,,
22395,Accepted,,,,,
22396,Accepted,,,,,
22397,Accepted,,,,,
22398,Accepted,,,,,
22399,Accepted,,,,,
22400,Accepted,,,,,
22401,Accepted,,,,,
22402,Accepted,,,,,
22403,Accepted,,,,,
22404,Accepted,,,,,
22405,Accepted,,,,,
22406,Accepted,,,,,
22407,Accepted,,,,,
22408,Accepted,,,,,
22409,Accepted,,,,,
22410,Accepted,,,,,
22411,Accepted,,,,,
22412,Accepted,,,,,
22413,Accepted,,,,,
22414,Accepted,,,,,
22415,Accepted,,,,,
22416,Accepted,,,,,
22417,Accepted,,,,,
22418,Accepted,,,,,
22419,Accepted,,,,,
22420,Accepted,,,,,
22421,Accepted,,,,,
22422,Accepted,,,,,
22423,Accepted,,,,,
22424,Accepted,,,,,
22425,Accepted,,,,,
22426,Accepted,,,,,
22427,Accepted,,,,,
22428,Accepted,,,,,
22429,Accepted,,,,,
22430,Accepted,,,,,
22431,Accepted,,,,,
22432,Accepted,,,,,
22433,Accepted,,,,,
22434,Accepted,,,,,
22435,Accepted,,,,,
22436,Accepted,,,,,
22437,Accepted,,,,,
22438,Accepted,,,,,
22439,Accepted,,,,,
22440,Accepted,,,,,
22441,Accepted,,,,,
22442,Accepted,,,,,
22443,Accepted,,,,,
22444,Accepted,,,,,
22445,Accepted,,,,,
22446,Accepted,,,,,
22447,Accepted,,,,,
22448,Accepted,,,,,
22449,Accepted,,,,,
22450,Accepted,,,,,
22451,Accepted,,,,,
22452,Accepted,,,,,
22453,Accepted,,,,,
22454,Accepted,,,,,
22455,Accepted,,,,,
22456,Accepted,,,,,
22457,Accepted,,,,,
22458,Accepted,,,,,
22459,Accepted,,,,,
22460,Accepted,,,,,
22461,Accepted,,,,,
22462,Accepted,,,,,
22463,Accepted,,,,,
22464,Accepted,,,,,
22465,Accepted,,,,,
22466,Accepted,,,,,
22467,Accepted,,,,,
22468,Accepted,,,,,
22469,Accepted,,,,,
22470,Accepted,,,,,
22471,Accepted,,,,,
22472,Accepted,,,,,
22473,Accepted,,,,,
22474,Accepted,,,,,
22475,Accepted,,,,,
22476,Accepted,,,,,
22477,Accepted,,,,,
22478,Accepted,,,,,
22479,Accepted,,,,,
22480,Accepted,,,,,
22481,Accepted,,,,,
22482,Accepted,,,,,
22483,Accepted,,,,,
22484,Accepted,,,,,
22485,Accepted,,,,,
22486,Accepted,,,,,
22487,Accepted,,,,,
22488,Accepted,,,,,
22489,Accepted,,,,,
22490,Accepted,,,,,
22491,Accepted,,,,,
22492,Accepted,,,,,
22493,Accepted,,,,,
22494,Accepted,,,,,
22495,Accepted,,,,,
22496,Accepted,,,,,
22497,Accepted,,,,,
22498,Accepted,,,,,
22499,Accepted,,,,,
22500,Accepted,,,,,
22501,Accepted,,,,,
22502,Accepted,,,,,
22503,Accepted,,,,,
22504,Accepted,,,,,
22505,Accepted,,,,,
22506,Accepted,,,,,
22507,Accepted,,,,,
22508,Accepted,,,,,
22509,Accepted,,,,,
22510,Accepted,,,,,
22511,Accepted,,,,,
22512,Accepted,,,,,
22513,Accepted,,,,,
22514,Accepted,,,,,
22515,Accepted,,,,,
22516,Accepted,,,,,
22517,Accepted,,,,,
22518,Accepted,,,,,
22519,Accepted,,,,,
22520,Accepted,,,,,
22521,Accepted,,,,,
22522,Accepted,,,,,
22523,Accepted,,,,,
22524,Accepted,,,,,
22525,Accepted,,,,,
22526,Accepted,,,,,
22527,Accepted,,,,,
22528,Accepted,,,,,
22529,Accepted,,,,,
22530,Accepted,,,,,
22531,Accepted,,,,,
22532,Accepted,,,,,
22533,Accepted,,,,,
22534,Accepted,,,,,
22535,Accepted,,,,,
22536,Accepted,,,,,
22537,Accepted,,,,,
22538,Accepted,,,,,
22539,Accepted,,,,,
22540,Accepted,,,,,
22541,Accepted,,,,,
22542,Accepted,,,,,
22543,Accepted,,,,,
22544,Accepted,,,,,
22545,Accepted,,,,,
22546,Accepted,,,,,
22547,Accepted,,,,,
22548,Accepted,,,,,
22549,Accepted,,,,,
22550,Accepted,,,,,
22551,Accepted,,,,,
22552,Accepted,,,,,
22553,Accepted,,,,,
22554,Accepted,,,,,
22555,Accepted,,,,,
22556,Accepted,,,,,
22557,Accepted,,,,,
22558,Accepted,,,,,
22559,Accepted,,,,,
22560,Accepted,,,,,
22561,Accepted,,,,,
22562,Accepted,,,,,
22563,Accepted,,,,,
22564,Accepted,,,,,
22565,Accepted,,,,,
22566,Accepted,,,,,
22567,Accepted,,,,,
22568,Accepted,,,,,
22569,Accepted,,,,,
22570,Accepted,,,,,
22571,Accepted,,,,,
22572,Accepted,,,,,
22573,Accepted,,,,,
22574,Accepted,,,,,
22575,Accepted,,,,,
22576,Accepted,,,,,
22577,Accepted,,,,,
22578,Accepted,,,,,
22579,Accepted,,,,,
22580,Accepted,,,,,
22581,Accepted,,,,,
22582,Accepted,,,,,
22583,Accepted,,,,,
22584,Accepted,,,,,
22585,Accepted,,,,,
22586,Accepted,,,,,
22587,Accepted,,,,,
22588,Accepted,,,,,
22589,Accepted,,,,,
22590,Accepted,,,,,
22591,Accepted,,,,,
22592,Accepted,,,,,
22593,Accepted,,,,,
22594,Accepted,,,,,
22595,Accepted,,,,,
22596,Accepted,,,,,
22597,Accepted,,,,,
22598,Accepted,,,,,
22599,Accepted,,,,,
22600,Accepted,,,,,
22601,Accepted,,,,,
22602,Accepted,,,,,
22603,Accepted,,,,,
22604,Accepted,,,,,
22605,Accepted,,,,,
22606,Accepted,,,,,
22607,Accepted,,,,,
22608,Accepted,,,,,
22609,Accepted,,,,,
22610,Accepted,,,,,
22611,Accepted,,,,,
22612,Accepted,,,,,
22613,Accepted,,,,,
22614,Accepted,,,,,
22615,Accepted,,,,,
22616,Accepted,,,,,
22617,Accepted,,,,,
22618,Accepted,,,,,
22619,Accepted,,,,,
22620,Accepted,,,,,
22621,Accepted,,,,,
22622,Accepted,,,,,
22623,Accepted,,,,,
22624,Accepted,,,,,
22625,Accepted,,,,,
22626,Accepted,,,,,
22627,Accepted,,,,,
22628,Accepted,,,,,
22629,Accepted,,,,,
22630,Accepted,,,,,
22631,Accepted,,,,,
22632,Accepted,,,,,
22633,Accepted,,,,,
22634,Accepted,,,,,
22635,Accepted,,,,,
22636,Accepted,,,,,
22637,Accepted,,,,,
22638,Accepted,,,,,
22639,Accepted,,,,,
22640,Accepted,,,,,
22641,Accepted,,,,,
22642,Accepted,,,,,
22643,Accepted,,,,,
22644,Accepted,,,,,
22645,Accepted,,,,,
22646,Accepted,,,,,
22647,Accepted,,,,,
22648,Accepted,,,,,
22649,Accepted,,,,,
22650,Accepted,,,,,
22651,Accepted,,,,,
22652,Accepted,,,,,
22653,Accepted,,,,,
22654,Accepted,,,,,
22655,Accepted,,,,,
22656,Accepted,,,,,
22657,Accepted,,,,,
22658,Accepted,,,,,
22659,Accepted,,,,,
22660,Accepted,,,,,
22661,Accepted,,,,,
22662,Accepted,,,,,
22663,Accepted,,,,,
22664,Accepted,,,,,
22665,Accepted,,,,,
22666,Accepted,,,,,
22667,Accepted,,,,,
22668,Accepted,,,,,
22669,Accepted,,,,,
22670,Accepted,,,,,
22671,Accepted,,,,,
22672,Accepted,,,,,
22673,Accepted,,,,,
22674,Accepted,,,,,
22675,Accepted,,,,,
22676,Accepted,,,,,
22677,Accepted,,,,,
22678,Accepted,,,,,
22679,Accepted,,,,,
22680,Accepted,,,,,
22681,Accepted,,,,,
22682,Accepted,,,,,
22683,Accepted,,,,,
22684,Accepted,,,,,
22685,Accepted,,,,,
22686,Accepted,,,,,
22687,Accepted,,,,,
22688,Accepted,,,,,
22689,Accepted,,,,,
22690,Accepted,,,,,
22691,Accepted,,,,,
22692,Accepted,,,,,
22693,Accepted,,,,,
22694,Accepted,,,,,
22695,Accepted,,,,,
22696,Accepted,,,,,
22697,Accepted,,,,,
22698,Accepted,,,,,
22699,Accepted,,,,,
22700,Accepted,,,,,
22701,Accepted,,,,,
22702,Accepted,,,,,
22703,Accepted,,,,,
22704,Accepted,,,,,
22705,Accepted,,,,,
22706,Accepted,,,,,
22707,Accepted,,,,,
22708,Accepted,,,,,
22709,Accepted,,,,,
22710,Accepted,,,,,
22711,Accepted,,,,,
22712,Accepted,,,,,
22713,Accepted,,,,,
22714,Accepted,,,,,
22715,Accepted,,,,,
22716,Accepted,,,,,
22717,Accepted,,,,,
22718,Accepted,,,,,
22719,Accepted,,,,,
22720,Accepted,,,,,
22721,Accepted,,,,,
22722,Accepted,,,,,
22723,Accepted,,,,,
22724,Accepted,,,,,
22725,Accepted,,,,,
22726,Accepted,,,,,
22727,Accepted,,,,,
22728,Accepted,,,,,
22729,Accepted,,,,,
22730,Accepted,,,,,
22731,Accepted,,,,,
22732,Accepted,,,,,
22733,Accepted,,,,,
22734,Accepted,,,,,
22735,Accepted,,,,,
22736,Accepted,,,,,
22737,Accepted,,,,,
22738,Accepted,,,,,
22739,Accepted,,,,,
22740,Accepted,,,,,
22741,Accepted,,,,,
22742,Accepted,,,,,
22743,Accepted,,,,,
22744,Accepted,,,,,
22745,Accepted,,,,,
22746,Accepted,,,,,
22747,Accepted,,,,,
22748,Accepted,,,,,
22749,Accepted,,,,,
22750,Accepted,,,,,
22751,Accepted,,,,,
22752,Accepted,,,,,
22753,Accepted,,,,,
22754,Accepted,,,,,
22755,Accepted,,,,,
22756,Accepted,,,,,
22757,Accepted,,,,,
22758,Accepted,,,,,
22759,Accepted,,,,,
22760,Accepted,,,,,
22761,Accepted,,,,,
22762,Accepted,,,,,
22763,Accepted,,,,,
22764,Accepted,,,,,
22765,Accepted,,,,,
22766,Accepted,,,,,
22767,Accepted,,,,,
22768,Accepted,,,,,
22769,Accepted,,,,,
22770,Accepted,,,,,
22771,Accepted,,,,,
22772,Accepted,,,,,
22773,Accepted,,,,,
22774,Accepted,,,,,
22775,Accepted,,,,,
22776,Accepted,,,,,
22777,Accepted,,,,,
22778,Accepted,,,,,
22779,Accepted,,,,,
22780,Accepted,,,,,
22781,Accepted,,,,,
22782,Accepted,,,,,
22783,Accepted,,,,,
22784,Accepted,,,,,
22785,Accepted,,,,,
22786,Accepted,,,,,
22787,Accepted,,,,,
22788,Accepted,,,,,
22789,Accepted,,,,,
22790,Accepted,,,,,
22791,Accepted,,,,,
22792,Accepted,,,,,
22793,Accepted,,,,,
22794,Accepted,,,,,
22795,Accepted,,,,,
22796,Accepted,,,,,
22797,Accepted,,,,,
22798,Accepted,,,,,
22799,Accepted,,,,,
22800,Accepted,,,,,
22801,Accepted,,,,,
22802,Accepted,,,,,
22803,Accepted,,,,,
22804,Accepted,,,,,
22805,Accepted,,,,,
22806,Accepted,,,,,
22807,Accepted,,,,,
22808,Accepted,,,,,
22809,Accepted,,,,,
22810,Accepted,,,,,
22811,Accepted,,,,,
22812,Accepted,,,,,
22813,Accepted,,,,,
22814,Accepted,,,,,
22815,Accepted,,,,,
22816,Accepted,,,,,
22817,Accepted,,,,,
22818,Accepted,,,,,
22819,Accepted,,,,,
22820,Accepted,,,,,
22821,Accepted,,,,,
22822,Accepted,,,,,
22823,Accepted,,,,,
22824,Accepted,,,,,
22825,Accepted,,,,,
22826,Accepted,,,,,
22827,Accepted,,,,,
22828,Accepted,,,,,
22829,Accepted,,,,,
22830,Accepted,,,,,
22831,Accepted,,,,,
22832,Accepted,,,,,
22833,Accepted,,,,,
22834,Accepted,,,,,
22835,Accepted,,,,,
22836,Accepted,,,,,
22837,Accepted,,,,,
22838,Accepted,,,,,
22839,Accepted,,,,,
22840,Accepted,,,,,
22841,Accepted,,,,,
22842,Accepted,,,,,
22843,Accepted,,,,,
22844,Accepted,,,,,
22845,Accepted,,,,,
22846,Accepted,,,,,
22847,Accepted,,,,,
22848,Accepted,,,,,
22849,Accepted,,,,,
22850,Accepted,,,,,
22851,Accepted,,,,,
22852,Accepted,,,,,
22853,Accepted,,,,,
22854,Accepted,,,,,
22855,Accepted,,,,,
22856,Accepted,,,,,
22857,Accepted,,,,,
22858,Accepted,,,,,
22859,Accepted,,,,,
22860,Accepted,,,,,
22861,Accepted,,,,,
22862,Accepted,,,,,
22863,Accepted,,,,,
22864,Accepted,,,,,
22865,Accepted,,,,,
22866,Accepted,,,,,
22867,Accepted,,,,,
22868,Accepted,,,,,
22869,Accepted,,,,,
22870,Accepted,,,,,
22871,Accepted,,,,,
22872,Accepted,,,,,
22873,Accepted,,,,,
22874,Accepted,,,,,
22875,Accepted,,,,,
22876,Accepted,,,,,
22877,Accepted,,,,,
22878,Accepted,,,,,
22879,Accepted,,,,,
22880,Accepted,,,,,
22881,Accepted,,,,,
22882,Accepted,,,,,
22883,Accepted,,,,,
22884,Accepted,,,,,
22885,Accepted,,,,,
22886,Accepted,,,,,
22887,Accepted,,,,,
22888,Accepted,,,,,
22889,Accepted,,,,,
22890,Accepted,,,,,
22891,Accepted,,,,,
22892,Accepted,,,,,
22893,Accepted,,,,,
22894,Accepted,,,,,
22895,Accepted,,,,,
22896,Accepted,,,,,
22897,Accepted,,,,,
22898,Accepted,,,,,
22899,Accepted,,,,,
22900,Accepted,,,,,
22901,Accepted,,,,,
22902,Accepted,,,,,
22903,Accepted,,,,,
22904,Accepted,,,,,
22905,Accepted,,,,,
22906,Accepted,,,,,
22907,Accepted,,,,,
22908,Accepted,,,,,
22909,Accepted,,,,,
22910,Accepted,,,,,
22911,Accepted,,,,,
22912,Accepted,,,,,
22913,Accepted,,,,,
22914,Accepted,,,,,
22915,Accepted,,,,,
22916,Accepted,,,,,
22917,Accepted,,,,,
22918,Accepted,,,,,
22919,Accepted,,,,,
22920,Accepted,,,,,
22921,Accepted,,,,,
22922,Accepted,,,,,
22923,Accepted,,,,,
22924,Accepted,,,,,
22925,Accepted,,,,,
22926,Accepted,,,,,
22927,Accepted,,,,,
22928,Accepted,,,,,
22929,Accepted,,,,,
22930,Accepted,,,,,
22931,Accepted,,,,,
22932,Accepted,,,,,
22933,Accepted,,,,,
22934,Accepted,,,,,
22935,Accepted,,,,,
22936,Accepted,,,,,
22937,Accepted,,,,,
22938,Accepted,,,,,
22939,Accepted,,,,,
22940,Accepted,,,,,
22941,Accepted,,,,,
22942,Accepted,,,,,
22943,Accepted,,,,,
22944,Accepted,,,,,
22945,Accepted,,,,,
22946,Accepted,,,,,
22947,Accepted,,,,,
22948,Accepted,,,,,
22949,Accepted,,,,,
22950,Accepted,,,,,
22951,Accepted,,,,,
22952,Accepted,,,,,
22953,Accepted,,,,,
22954,Accepted,,,,,
22955,Accepted,,,,,
22956,Accepted,,,,,
22957,Accepted,,,,,
22958,Accepted,,,,,
22959,Accepted,,,,,
22960,Accepted,,,,,
22961,Accepted,,,,,
22962,Accepted,,,,,
22963,Accepted,,,,,
22964,Accepted,,,,,
22965,Accepted,,,,,
22966,Accepted,,,,,
22967,Accepted,,,,,
22968,Accepted,,,,,
22969,Accepted,,,,,
22970,Accepted,,,,,
22971,Accepted,,,,,
22972,Accepted,,,,,
22973,Accepted,,,,,
22974,Accepted,,,,,
22975,Accepted,,,,,
22976,Accepted,,,,,
22977,Accepted,,,,,
22978,Accepted,,,,,
22979,Accepted,,,,,
22980,Accepted,,,,,
22981,Accepted,,,,,
22982,Accepted,,,,,
22983,Accepted,,,,,
22984,Accepted,,,,,
22985,Accepted,,,,,
22986,Accepted,,,,,
22987,Accepted,,,,,
22988,Accepted,,,,,
22989,Accepted,,,,,
22990,Accepted,,,,,
22991,Accepted,,,,,
22992,Accepted,,,,,
22993,Accepted,,,,,
22994,Accepted,,,,,
22995,Accepted,,,,,
22996,Accepted,,,,,
22997,Accepted,,,,,
22998,Accepted,,,,,
22999,Accepted,,,,,
23000,Accepted,,,,,
23001,Accepted,,,,,
23002,Accepted,,,,,
23003,Accepted,,,,,
23004,Accepted,,,,,
23005,Accepted,,,,,
23006,Accepted,,,,,
23007,Accepted,,,,,
23008,Accepted,,,,,
23009,Accepted,,,,,
23010,Accepted,,,,,
23011,Accepted,,,,,
23012,Accepted,,,,,
23013,Accepted,,,,,
23014,Accepted,,,,,
23015,Accepted,,,,,
23016,Accepted,,,,,
23017,Accepted,,,,,
23018,Accepted,,,,,
23019,Accepted,,,,,
23020,Accepted,,,,,
23021,Accepted,,,,,
23022,Accepted,,,,,
23023,Accepted,,,,,
23024,Accepted,,,,,
23025,Accepted,,,,,
23026,Accepted,,,,,
23027,Accepted,,,,,
23028,Accepted,,,,,
23029,Accepted,,,,,
23030,Accepted,,,,,
23031,Accepted,,,,,
23032,Accepted,,,,,
23033,Accepted,,,,,
23034,Accepted,,,,,
23035,Accepted,,,,,
23036,Accepted,,,,,
23037,Accepted,,,,,
23038,Accepted,,,,,
23039,Accepted,,,,,
23040,Accepted,,,,,
23041,Accepted,,,,,
23042,Accepted,,,,,
23043,Accepted,,,,,
23044,Accepted,,,,,
23045,Accepted,,,,,
23046,Accepted,,,,,
23047,Accepted,,,,,
23048,Accepted,,,,,
23049,Accepted,,,,,
23050,Accepted,,,,,
23051,Accepted,,,,,
23052,Accepted,,,,,
23053,Accepted,,,,,
23054,Accepted,,,,,
23055,Accepted,,,,,
23056,Accepted,,,,,
23057,Accepted,,,,,
23058,Accepted,,,,,
23059,Accepted,,,,,
23060,Accepted,,,,,
23061,Accepted,,,,,
23062,Accepted,,,,,
23063,Accepted,,,,,
23064,Accepted,,,,,
23065,Accepted,,,,,
23066,Accepted,,,,,
23067,Accepted,,,,,
23068,Accepted,,,,,
23069,Accepted,,,,,
23070,Accepted,,,,,
23071,Accepted,,,,,
23072,Accepted,,,,,
23073,Accepted,,,,,
23074,Accepted,,,,,
23075,Accepted,,,,,
23076,Accepted,,,,,
23077,Accepted,,,,,
23078,Accepted,,,,,
23079,Accepted,,,,,
23080,Accepted,,,,,
23081,Accepted,,,,,
23082,Accepted,,,,,
23083,Accepted,,,,,
23084,Accepted,,,,,
23085,Accepted,,,,,
23086,Accepted,,,,,
23087,Accepted,,,,,
23088,Accepted,,,,,
23089,Accepted,,,,,
23090,Accepted,,,,,
23091,Accepted,,,,,
23092,Accepted,,,,,
23093,Accepted,,,,,
23094,Accepted,,,,,
23095,Accepted,,,,,
23096,Accepted,,,,,
23097,Accepted,,,,,
23098,Accepted,,,,,
23099,Accepted,,,,,
23100,Accepted,,,,,
23101,Accepted,,,,,
23102,Accepted,,,,,
23103,Accepted,,,,,
23104,Accepted,,,,,
23105,Accepted,,,,,
23106,Accepted,,,,,
23107,Accepted,,,,,
23108,Accepted,,,,,
23109,Accepted,,,,,
23110,Accepted,,,,,
23111,Accepted,,,,,
23112,Accepted,,,,,
23113,Accepted,,,,,
23114,Accepted,,,,,
23115,Accepted,,,,,
23116,Accepted,,,,,
23117,Accepted,,,,,
23118,Accepted,,,,,
23119,Accepted,,,,,
23120,Accepted,,,,,
23121,Accepted,,,,,
23122,Accepted,,,,,
23123,Accepted,,,,,
23124,Accepted,,,,,
23125,Accepted,,,,,
23126,Accepted,,,,,
23127,Accepted,,,,,
23128,Accepted,,,,,
23129,Accepted,,,,,
23130,Accepted,,,,,
23131,Accepted,,,,,
23132,Accepted,,,,,
23133,Accepted,,,,,
23134,Accepted,,,,,
23135,Accepted,,,,,
23136,Accepted,,,,,
23137,Accepted,,,,,
23138,Accepted,,,,,
23139,Accepted,,,,,
23140,Accepted,,,,,
23141,Accepted,,,,,
23142,Accepted,,,,,
23143,Accepted,,,,,
23144,Accepted,,,,,
23145,Accepted,,,,,
23146,Accepted,,,,,
23147,Accepted,,,,,
23148,Accepted,,,,,
23149,Accepted,,,,,
23150,Accepted,,,,,
23151,Accepted,,,,,
23152,Accepted,,,,,
23153,Accepted,,,,,
23154,Accepted,,,,,
23155,Accepted,,,,,
23156,Accepted,,,,,
23157,Accepted,,,,,
23158,Accepted,,,,,
23159,Accepted,,,,,
23160,Accepted,,,,,
23161,Accepted,,,,,
23162,Accepted,,,,,
23163,Accepted,,,,,
23164,Accepted,,,,,
23165,Accepted,,,,,
23166,Accepted,,,,,
23167,Accepted,,,,,
23168,Accepted,,,,,
23169,Accepted,,,,,
23170,Accepted,,,,,
23171,Accepted,,,,,
23172,Accepted,,,,,
23173,Accepted,,,,,
23174,Accepted,,,,,
23175,Accepted,,,,,
23176,Accepted,,,,,
23177,Accepted,,,,,
23178,Accepted,,,,,
23179,Accepted,,,,,
23180,Accepted,,,,,
23181,Accepted,,,,,
23182,Accepted,,,,,
23183,Accepted,,,,,
23184,Accepted,,,,,
23185,Accepted,,,,,
23186,Accepted,,,,,
23187,Accepted,,,,,
23188,Accepted,,,,,
23189,Accepted,,,,,
23190,Accepted,,,,,
23191,Accepted,,,,,
23192,Accepted,,,,,
23193,Accepted,,,,,
23194,Accepted,,,,,
23195,Accepted,,,,,
23196,Accepted,,,,,
23197,Accepted,,,,,
23198,Accepted,,,,,
23199,Accepted,,,,,
23200,Accepted,,,,,
23201,Accepted,,,,,
23202,Accepted,,,,,
23203,Accepted,,,,,
23204,Accepted,,,,,
23205,Accepted,,,,,
23206,Accepted,,,,,
23207,Accepted,,,,,
23208,Accepted,,,,,
23209,Accepted,,,,,
23210,Accepted,,,,,
23211,Accepted,,,,,
23212,Accepted,,,,,
23213,Accepted,,,,,
23214,Accepted,,,,,
23215,Accepted,,,,,
23216,Accepted,,,,,
23217,Accepted,,,,,
23218,Accepted,,,,,
23219,Accepted,,,,,
23220,Accepted,,,,,
23221,Accepted,,,,,
23222,Accepted,,,,,
23223,Accepted,,,,,
23224,Accepted,,,,,
23225,Accepted,,,,,
23226,Accepted,,,,,
23227,Accepted,,,,,
23228,Accepted,,,,,
23229,Accepted,,,,,
23230,Accepted,,,,,
23231,Accepted,,,,,
23232,Accepted,,,,,
23233,Accepted,,,,,
23234,Accepted,,,,,
23235,Accepted,,,,,
23236,Accepted,,,,,
23237,Accepted,,,,,
23238,Accepted,,,,,
23239,Accepted,,,,,
23240,Accepted,,,,,
23241,Accepted,,,,,
23242,Accepted,,,,,
23243,Accepted,,,,,
23244,Accepted,,,,,
23245,Accepted,,,,,
23246,Accepted,,,,,
23247,Accepted,,,,,
23248,Accepted,,,,,
23249,Accepted,,,,,
23250,Accepted,,,,,
23251,Accepted,,,,,
23252,Accepted,,,,,
23253,Accepted,,,,,
23254,Accepted,,,,,
23255,Accepted,,,,,
23256,Accepted,,,,,
23257,Accepted,,,,,
23258,Accepted,,,,,
23259,Accepted,,,,,
23260,Accepted,,,,,
23261,Accepted,,,,,
23262,Accepted,,,,,
23263,Accepted,,,,,
23264,Accepted,,,,,
23265,Accepted,,,,,
23266,Accepted,,,,,
23267,Accepted,,,,,
23268,Accepted,,,,,
23269,Accepted,,,,,
23270,Accepted,,,,,
23271,Accepted,,,,,
23272,Accepted,,,,,
23273,Accepted,,,,,
23274,Accepted,,,,,
23275,Accepted,,,,,
23276,Accepted,,,,,
23277,Accepted,,,,,
23278,Accepted,,,,,
23279,Accepted,,,,,
23280,Accepted,,,,,
23281,Accepted,,,,,
23282,Accepted,,,,,
23283,Accepted,,,,,
23284,Accepted,,,,,
23285,Accepted,,,,,
23286,Accepted,,,,,
23287,Accepted,,,,,
23288,Accepted,,,,,
23289,Accepted,,,,,
23290,Accepted,,,,,
23291,Accepted,,,,,
23292,Accepted,,,,,
23293,Accepted,,,,,
23294,Accepted,,,,,
23295,Accepted,,,,,
23296,Accepted,,,,,
23297,Accepted,,,,,
23298,Accepted,,,,,
23299,Accepted,,,,,
23300,Accepted,,,,,
23301,Accepted,,,,,
23302,Accepted,,,,,
23303,Accepted,,,,,
23304,Accepted,,,,,
23305,Accepted,,,,,
23306,Accepted,,,,,
23307,Accepted,,,,,
23308,Accepted,,,,,
23309,Accepted,,,,,
23310,Accepted,,,,,
23311,Accepted,,,,,
23312,Accepted,,,,,
23313,Accepted,,,,,
23314,Accepted,,,,,
23315,Accepted,,,,,
23316,Accepted,,,,,
23317,Accepted,,,,,
23318,Accepted,,,,,
23319,Accepted,,,,,
23320,Accepted,,,,,
23321,Accepted,,,,,
23322,Accepted,,,,,
23323,Accepted,,,,,
23324,Accepted,,,,,
23325,Accepted,,,,,
23326,Accepted,,,,,
23327,Accepted,,,,,
23328,Accepted,,,,,
23329,Accepted,,,,,
23330,Accepted,,,,,
23331,Accepted,,,,,
23332,Accepted,,,,,
23333,Accepted,,,,,
23334,Accepted,,,,,
23335,Accepted,,,,,
23336,Accepted,,,,,
23337,Accepted,,,,,
23338,Accepted,,,,,
23339,Accepted,,,,,
23340,Accepted,,,,,
23341,Accepted,,,,,
23342,Accepted,,,,,
23343,Accepted,,,,,
23344,Accepted,,,,,
23345,Accepted,,,,,
23346,Accepted,,,,,
23347,Accepted,,,,,
23348,Accepted,,,,,
23349,Accepted,,,,,
23350,Accepted,,,,,
23351,Accepted,,,,,
23352,Accepted,,,,,
23353,Accepted,,,,,
23354,Accepted,,,,,
23355,Accepted,,,,,
23356,Accepted,,,,,
23357,Accepted,,,,,
23358,Accepted,,,,,
23359,Accepted,,,,,
23360,Accepted,,,,,
23361,Accepted,,,,,
23362,Accepted,,,,,
23363,Accepted,,,,,
23364,Accepted,,,,,
23365,Accepted,,,,,
23366,Accepted,,,,,
23367,Accepted,,,,,
23368,Accepted,,,,,
23369,Accepted,,,,,
23370,Accepted,,,,,
23371,Accepted,,,,,
23372,Accepted,,,,,
23373,Accepted,,,,,
23374,Accepted,,,,,
23375,Accepted,,,,,
23376,Accepted,,,,,
23377,Accepted,,,,,
23378,Accepted,,,,,
23379,Accepted,,,,,
23380,Accepted,,,,,
23381,Accepted,,,,,
23382,Accepted,,,,,
23383,Accepted,,,,,
23384,Accepted,,,,,
23385,Accepted,,,,,
23386,Accepted,,,,,
23387,Accepted,,,,,
23388,Accepted,,,,,
23389,Accepted,,,,,
23390,Accepted,,,,,
23391,Accepted,,,,,
23392,Accepted,,,,,
23393,Accepted,,,,,
23394,Accepted,,,,,
23395,Accepted,,,,,
23396,Accepted,,,,,
23397,Accepted,,,,,
23398,Accepted,,,,,
23399,Accepted,,,,,
23400,Accepted,,,,,
23401,Accepted,,,,,
23402,Accepted,,,,,
23403,Accepted,,,,,
23404,Accepted,,,,,
23405,Accepted,,,,,
23406,Accepted,,,,,
23407,Accepted,,,,,
23408,Accepted,,,,,
23409,Accepted,,,,,
23410,Accepted,,,,,
23411,Accepted,,,,,
23412,Accepted,,,,,
23413,Accepted,,,,,
23414,Accepted,,,,,
23415,Accepted,,,,,
23416,Accepted,,,,,
23417,Accepted,,,,,
23418,Accepted,,,,,
23419,Accepted,,,,,
23420,Accepted,,,,,
23421,Accepted,,,,,
23422,Accepted,,,,,
23423,Accepted,,,,,
23424,Accepted,,,,,
23425,Accepted,,,,,
23426,Accepted,,,,,
23427,Accepted,,,,,
23428,Accepted,,,,,
23429,Accepted,,,,,
23430,Accepted,,,,,
23431,Accepted,,,,,
23432,Accepted,,,,,
23433,Accepted,,,,,
23434,Accepted,,,,,
23435,Accepted,,,,,
23436,Accepted,,,,,
23437,Accepted,,,,,
23438,Accepted,,,,,
23439,Accepted,,,,,
23440,Accepted,,,,,
23441,Accepted,,,,,
23442,Accepted,,,,,
23443,Accepted,,,,,
23444,Accepted,,,,,
23445,Accepted,,,,,
23446,Accepted,,,,,
23447,Accepted,,,,,
23448,Accepted,,,,,
23449,Accepted,,,,,
23450,Accepted,,,,,
23451,Accepted,,,,,
23452,Accepted,,,,,
23453,Accepted,,,,,
23454,Accepted,,,,,
23455,Accepted,,,,,
23456,Accepted,,,,,
23457,Accepted,,,,,
23458,Accepted,,,,,
23459,Accepted,,,,,
23460,Accepted,,,,,
23461,Accepted,,,,,
23462,Accepted,,,,,
23463,Accepted,,,,,
23464,Accepted,,,,,
23465,Accepted,,,,,
23466,Accepted,,,,,
23467,Accepted,,,,,
23468,Accepted,,,,,
23469,Accepted,,,,,
23470,Accepted,,,,,
23471,Accepted,,,,,
23472,Accepted,,,,,
23473,Accepted,,,,,
23474,Accepted,,,,,
23475,Accepted,,,,,
23476,Accepted,,,,,
23477,Accepted,,,,,
23478,Accepted,,,,,
23479,Accepted,,,,,
23480,Accepted,,,,,
23481,Accepted,,,,,
23482,Accepted,,,,,
23483,Accepted,,,,,
23484,Accepted,,,,,
23485,Accepted,,,,,
23486,Accepted,,,,,
23487,Accepted,,,,,
23488,Accepted,,,,,
23489,Accepted,,,,,
23490,Accepted,,,,,
23491,Accepted,,,,,
23492,Accepted,,,,,
23493,Accepted,,,,,
23494,Accepted,,,,,
23495,Accepted,,,,,
23496,Accepted,,,,,
23497,Accepted,,,,,
23498,Accepted,,,,,
23499,Accepted,,,,,
23500,Accepted,,,,,
23501,Accepted,,,,,
23502,Accepted,,,,,
23503,Accepted,,,,,
23504,Accepted,,,,,
23505,Accepted,,,,,
23506,Accepted,,,,,
23507,Accepted,,,,,
23508,Accepted,,,,,
23509,Accepted,,,,,
23510,Accepted,,,,,
23511,Accepted,,,,,
23512,Accepted,,,,,
23513,Accepted,,,,,
23514,Accepted,,,,,
23515,Accepted,,,,,
23516,Accepted,,,,,
23517,Accepted,,,,,
23518,Accepted,,,,,
23519,Accepted,,,,,
23520,Accepted,,,,,
23521,Accepted,,,,,
23522,Accepted,,,,,
23523,Accepted,,,,,
23524,Accepted,,,,,
23525,Accepted,,,,,
23526,Accepted,,,,,
23527,Accepted,,,,,
23528,Accepted,,,,,
23529,Accepted,,,,,
23530,Accepted,,,,,
23531,Accepted,,,,,
23532,Accepted,,,,,
23533,Accepted,,,,,
23534,Accepted,,,,,
23535,Accepted,,,,,
23536,Accepted,,,,,
23537,Accepted,,,,,
23538,Accepted,,,,,
23539,Accepted,,,,,
23540,Accepted,,,,,
23541,Accepted,,,,,
23542,Accepted,,,,,
23543,Accepted,,,,,
23544,Accepted,,,,,
23545,Accepted,,,,,
23546,Accepted,,,,,
23547,Accepted,,,,,
23548,Accepted,,,,,
23549,Accepted,,,,,
23550,Accepted,,,,,
23551,Accepted,,,,,
23552,Accepted,,,,,
23553,Accepted,,,,,
23554,Accepted,,,,,
23555,Accepted,,,,,
23556,Accepted,,,,,
23557,Accepted,,,,,
23558,Accepted,,,,,
23559,Accepted,,,,,
23560,Accepted,,,,,
23561,Accepted,,,,,
23562,Accepted,,,,,
23563,Accepted,,,,,
23564,Accepted,,,,,
23565,Accepted,,,,,
23566,Accepted,,,,,
23567,Accepted,,,,,
23568,Accepted,,,,,
23569,Accepted,,,,,
23570,Accepted,,,,,
23571,Accepted,,,,,
23572,Accepted,,,,,
23573,Accepted,,,,,
23574,Accepted,,,,,
23575,Accepted,,,,,
23576,Accepted,,,,,
23577,Accepted,,,,,
23578,Accepted,,,,,
23579,Accepted,,,,,
23580,Accepted,,,,,
23581,Accepted,,,,,
23582,Accepted,,,,,
23583,Accepted,,,,,
23584,Accepted,,,,,
23585,Accepted,,,,,
23586,Accepted,,,,,
23587,Accepted,,,,,
23588,Accepted,,,,,
23589,Accepted,,,,,
23590,Accepted,,,,,
23591,Accepted,,,,,
23592,Accepted,,,,,
23593,Accepted,,,,,
23594,Accepted,,,,,
23595,Accepted,,,,,
23596,Accepted,,,,,
23597,Accepted,,,,,
23598,Accepted,,,,,
23599,Accepted,,,,,
23600,Accepted,,,,,
23601,Accepted,,,,,
23602,Accepted,,,,,
23603,Accepted,,,,,
23604,Accepted,,,,,
23605,Accepted,,,,,
23606,Accepted,,,,,
23607,Accepted,,,,,
23608,Accepted,,,,,
23609,Accepted,,,,,
23610,Accepted,,,,,
23611,Accepted,,,,,
23612,Accepted,,,,,
23613,Accepted,,,,,
23614,Accepted,,,,,
23615,Accepted,,,,,
23616,Accepted,,,,,
23617,Accepted,,,,,
23618,Accepted,,,,,
23619,Accepted,,,,,
23620,Accepted,,,,,
23621,Accepted,,,,,
23622,Accepted,,,,,
23623,Accepted,,,,,
23624,Accepted,,,,,
23625,Accepted,,,,,
23626,Accepted,,,,,
23627,Accepted,,,,,
23628,Accepted,,,,,
23629,Accepted,,,,,
23630,Accepted,,,,,
23631,Accepted,,,,,
23632,Accepted,,,,,
23633,Accepted,,,,,
23634,Accepted,,,,,
23635,Accepted,,,,,
23636,Accepted,,,,,
23637,Accepted,,,,,
23638,Accepted,,,,,
23639,Accepted,,,,,
23640,Accepted,,,,,
23641,Accepted,,,,,
23642,Accepted,,,,,
23643,Accepted,,,,,
23644,Accepted,,,,,
23645,Accepted,,,,,
23646,Accepted,,,,,
23647,Accepted,,,,,
23648,Accepted,,,,,
23649,Accepted,,,,,
23650,Accepted,,,,,
23651,Accepted,,,,,
23652,Accepted,,,,,
23653,Accepted,,,,,
23654,Accepted,,,,,
23655,Accepted,,,,,
23656,Accepted,,,,,
23657,Accepted,,,,,
23658,Accepted,,,,,
23659,Accepted,,,,,
23660,Accepted,,,,,
23661,Accepted,,,,,
23662,Accepted,,,,,
23663,Accepted,,,,,
23664,Accepted,,,,,
23665,Accepted,,,,,
23666,Accepted,,,,,
23667,Accepted,,,,,
23668,Accepted,,,,,
23669,Accepted,,,,,
23670,Accepted,,,,,
23671,Accepted,,,,,
23672,Accepted,,,,,
23673,Accepted,,,,,
23674,Accepted,,,,,
23675,Accepted,,,,,
23676,Accepted,,,,,
23677,Accepted,,,,,
23678,Accepted,,,,,
23679,Accepted,,,,,
23680,Accepted,,,,,
23681,Accepted,,,,,
23682,Accepted,,,,,
23683,Accepted,,,,,
23684,Accepted,,,,,
23685,Accepted,,,,,
23686,Accepted,,,,,
23687,Accepted,,,,,
23688,Accepted,,,,,
23689,Accepted,,,,,
23690,Accepted,,,,,
23691,Accepted,,,,,
23692,Accepted,,,,,
23693,Accepted,,,,,
23694,Accepted,,,,,
23695,Accepted,,,,,
23696,Accepted,,,,,
23697,Accepted,,,,,
23698,Accepted,,,,,
23699,Accepted,,,,,
23700,Accepted,,,,,
23701,Accepted,,,,,
23702,Accepted,,,,,
23703,Accepted,,,,,
23704,Accepted,,,,,
23705,Accepted,,,,,
23706,Accepted,,,,,
23707,Accepted,,,,,
23708,Accepted,,,,,
23709,Accepted,,,,,
23710,Accepted,,,,,
23711,Accepted,,,,,
23712,Accepted,,,,,
23713,Accepted,,,,,
23714,Accepted,,,,,
23715,Accepted,,,,,
23716,Accepted,,,,,
23717,Accepted,,,,,
23718,Accepted,,,,,
23719,Accepted,,,,,
23720,Accepted,,,,,
23721,Accepted,,,,,
23722,Accepted,,,,,
23723,Accepted,,,,,
23724,Accepted,,,,,
23725,Accepted,,,,,
23726,Accepted,,,,,
23727,Accepted,,,,,
23728,Accepted,,,,,
23729,Accepted,,,,,
23730,Accepted,,,,,
23731,Accepted,,,,,
23732,Accepted,,,,,
23733,Accepted,,,,,
23734,Accepted,,,,,
23735,Accepted,,,,,
23736,Accepted,,,,,
23737,Accepted,,,,,
23738,Accepted,,,,,
23739,Accepted,,,,,
23740,Accepted,,,,,
23741,Accepted,,,,,
23742,Accepted,,,,,
23743,Accepted,,,,,
23744,Accepted,,,,,
23745,Accepted,,,,,
23746,Accepted,,,,,
23747,Accepted,,,,,
23748,Accepted,,,,,
23749,Accepted,,,,,
23750,Accepted,,,,,
23751,Accepted,,,,,
23752,Accepted,,,,,
23753,Accepted,,,,,
23754,Accepted,,,,,
23755,Accepted,,,,,
23756,Accepted,,,,,
23757,Accepted,,,,,
23758,Accepted,,,,,
23759,Accepted,,,,,
23760,Accepted,,,,,
23761,Accepted,,,,,
23762,Accepted,,,,,
23763,Accepted,,,,,
23764,Accepted,,,,,
23765,Accepted,,,,,
23766,Accepted,,,,,
23767,Accepted,,,,,
23768,Accepted,,,,,
23769,Accepted,,,,,
23770,Accepted,,,,,
23771,Accepted,,,,,
23772,Accepted,,,,,
23773,Accepted,,,,,
23774,Accepted,,,,,
23775,Accepted,,,,,
23776,Accepted,,,,,
23777,Accepted,,,,,
23778,Accepted,,,,,
23779,Accepted,,,,,
23780,Accepted,,,,,
23781,Accepted,,,,,
23782,Accepted,,,,,
23783,Accepted,,,,,
23784,Accepted,,,,,
23785,Accepted,,,,,
23786,Accepted,,,,,
23787,Accepted,,,,,
23788,Accepted,,,,,
23789,Accepted,,,,,
23790,Accepted,,,,,
23791,Accepted,,,,,
23792,Accepted,,,,,
23793,Accepted,,,,,
23794,Accepted,,,,,
23795,Accepted,,,,,
23796,Accepted,,,,,
23797,Accepted,,,,,
23798,Accepted,,,,,
23799,Accepted,,,,,
23800,Accepted,,,,,
23801,Accepted,,,,,
23802,Accepted,,,,,
23803,Accepted,,,,,
23804,Accepted,,,,,
23805,Accepted,,,,,
23806,Accepted,,,,,
23807,Accepted,,,,,
23808,Accepted,,,,,
23809,Accepted,,,,,
23810,Accepted,,,,,
23811,Accepted,,,,,
23812,Accepted,,,,,
23813,Accepted,,,,,
23814,Accepted,,,,,
23815,Accepted,,,,,
23816,Accepted,,,,,
23817,Accepted,,,,,
23818,Accepted,,,,,
23819,Accepted,,,,,
23820,Accepted,,,,,
23821,Accepted,,,,,
23822,Accepted,,,,,
23823,Accepted,,,,,
23824,Accepted,,,,,
23825,Accepted,,,,,
23826,Accepted,,,,,
23827,Accepted,,,,,
23828,Accepted,,,,,
23829,Accepted,,,,,
23830,Accepted,,,,,
23831,Accepted,,,,,
23832,Accepted,,,,,
23833,Accepted,,,,,
23834,Accepted,,,,,
23835,Accepted,,,,,
23836,Accepted,,,,,
23837,Accepted,,,,,
23838,Accepted,,,,,
23839,Accepted,,,,,
23840,Accepted,,,,,
23841,Accepted,,,,,
23842,Accepted,,,,,
23843,Accepted,,,,,
23844,Accepted,,,,,
23845,Accepted,,,,,
23846,Accepted,,,,,
23847,Accepted,,,,,
23848,Accepted,,,,,
23849,Accepted,,,,,
23850,Accepted,,,,,
23851,Accepted,,,,,
23852,Accepted,,,,,
23853,Accepted,,,,,
23854,Accepted,,,,,
23855,Accepted,,,,,
23856,Accepted,,,,,
23857,Accepted,,,,,
23858,Accepted,,,,,
23859,Accepted,,,,,
23860,Accepted,,,,,
23861,Accepted,,,,,
23862,Accepted,,,,,
23863,Accepted,,,,,
23864,Accepted,,,,,
23865,Accepted,,,,,
23866,Accepted,,,,,
23867,Accepted,,,,,
23868,Accepted,,,,,
23869,Accepted,,,,,
23870,Accepted,,,,,
23871,Accepted,,,,,
23872,Accepted,,,,,
23873,Accepted,,,,,
23874,Accepted,,,,,
23875,Accepted,,,,,
23876,Accepted,,,,,
23877,Accepted,,,,,
23878,Accepted,,,,,
23879,Accepted,,,,,
23880,Accepted,,,,,
23881,Accepted,,,,,
23882,Accepted,,,,,
23883,Accepted,,,,,
23884,Accepted,,,,,
23885,Accepted,,,,,
23886,Accepted,,,,,
23887,Accepted,,,,,
23888,Accepted,,,,,
23889,Accepted,,,,,
23890,Accepted,,,,,
23891,Accepted,,,,,
23892,Accepted,,,,,
23893,Accepted,,,,,
23894,Accepted,,,,,
23895,Accepted,,,,,
23896,Accepted,,,,,
23897,Accepted,,,,,
23898,Accepted,,,,,
23899,Accepted,,,,,
23900,Accepted,,,,,
23901,Accepted,,,,,
23902,Accepted,,,,,
23903,Accepted,,,,,
23904,Accepted,,,,,
23905,Accepted,,,,,
23906,Accepted,,,,,
23907,Accepted,,,,,
23908,Accepted,,,,,
23909,Accepted,,,,,
23910,Accepted,,,,,
23911,Accepted,,,,,
23912,Accepted,,,,,
23913,Accepted,,,,,
23914,Accepted,,,,,
23915,Accepted,,,,,
23916,Accepted,,,,,
23917,Accepted,,,,,
23918,Accepted,,,,,
23919,Accepted,,,,,
23920,Accepted,,,,,
23921,Accepted,,,,,
23922,Accepted,,,,,
23923,Accepted,,,,,
23924,Accepted,,,,,
23925,Accepted,,,,,
23926,Accepted,,,,,
23927,Accepted,,,,,
23928,Accepted,,,,,
23929,Accepted,,,,,
23930,Accepted,,,,,
23931,Accepted,,,,,
23932,Accepted,,,,,
23933,Accepted,,,,,
23934,Accepted,,,,,
23935,Accepted,,,,,
23936,Accepted,,,,,
23937,Accepted,,,,,
23938,Accepted,,,,,
23939,Accepted,,,,,
23940,Accepted,,,,,
23941,Accepted,,,,,
23942,Accepted,,,,,
23943,Accepted,,,,,
23944,Accepted,,,,,
23945,Accepted,,,,,
23946,Accepted,,,,,
23947,Accepted,,,,,
23948,Accepted,,,,,
23949,Accepted,,,,,
23950,Accepted,,,,,
23951,Accepted,,,,,
23952,Accepted,,,,,
23953,Accepted,,,,,
23954,Accepted,,,,,
23955,Accepted,,,,,
23956,Accepted,,,,,
23957,Accepted,,,,,
23958,Accepted,,,,,
23959,Accepted,,,,,
23960,Accepted,,,,,
23961,Accepted,,,,,
23962,Accepted,,,,,
23963,Accepted,,,,,
23964,Accepted,,,,,
23965,Accepted,,,,,
23966,Accepted,,,,,
23967,Accepted,,,,,
23968,Accepted,,,,,
23969,Accepted,,,,,
23970,Accepted,,,,,
23971,Accepted,,,,,
23972,Accepted,,,,,
23973,Accepted,,,,,
23974,Accepted,,,,,
23975,Accepted,,,,,
23976,Accepted,,,,,
23977,Accepted,,,,,
23978,Accepted,,,,,
23979,Accepted,,,,,
23980,Accepted,,,,,
23981,Accepted,,,,,
23982,Accepted,,,,,
23983,Accepted,,,,,
23984,Accepted,,,,,
23985,Accepted,,,,,
23986,Accepted,,,,,
23987,Accepted,,,,,
23988,Accepted,,,,,
23989,Accepted,,,,,
23990,Accepted,,,,,
23991,Accepted,,,,,
23992,Accepted,,,,,
23993,Accepted,,,,,
23994,Accepted,,,,,
23995,Accepted,,,,,
23996,Accepted,,,,,
23997,Accepted,,,,,
23998,Accepted,,,,,
23999,Accepted,,,,,
24000,Accepted,,,,,
24001,Accepted,,,,,
24002,Accepted,,,,,
24003,Accepted,,,,,
24004,Accepted,,,,,
24005,Accepted,,,,,
24006,Accepted,,,,,
24007,Accepted,,,,,
24008,Accepted,,,,,
24009,Accepted,,,,,
24010,Accepted,,,,,
24011,Accepted,,,,,
24012,Accepted,,,,,
24013,Accepted,,,,,
24014,Accepted,,,,,
24015,Accepted,,,,,
24016,Accepted,,,,,
24017,Accepted,,,,,
24018,Accepted,,,,,
24019,Accepted,,,,,
24020,Accepted,,,,,
24021,Accepted,,,,,
24022,Accepted,,,,,
24023,Accepted,,,,,
24024,Accepted,,,,,
24025,Accepted,,,,,
24026,Accepted,,,,,
24027,Accepted,,,,,
24028,Accepted,,,,,
24029,Accepted,,,,,
24030,Accepted,,,,,
24031,Accepted,,,,,
24032,Accepted,,,,,
24033,Accepted,,,,,
24034,Accepted,,,,,
24035,Accepted,,,,,
24036,Accepted,,,,,
24037,Accepted,,,,,
24038,Accepted,,,,,
24039,Accepted,,,,,
24040,Accepted,,,,,
24041,Accepted,,,,,
24042,Accepted,,,,,
24043,Accepted,,,,,
24044,Accepted,,,,,
24045,Accepted,,,,,
24046,Accepted,,,,,
24047,Accepted,,,,,
24048,Accepted,,,,,
24049,Accepted,,,,,
24050,Accepted,,,,,
24051,Accepted,,,,,
24052,Accepted,,,,,
24053,Accepted,,,,,
24054,Accepted,,,,,
24055,Accepted,,,,,
24056,Accepted,,,,,
24057,Accepted,,,,,
24058,Accepted,,,,,
24059,Accepted,,,,,
24060,Accepted,,,,,
24061,Accepted,,,,,
24062,Accepted,,,,,
24063,Accepted,,,,,
24064,Accepted,,,,,
24065,Accepted,,,,,
24066,Accepted,,,,,
24067,Accepted,,,,,
24068,Accepted,,,,,
24069,Accepted,,,,,
24070,Accepted,,,,,
24071,Accepted,,,,,
24072,Accepted,,,,,
24073,Accepted,,,,,
24074,Accepted,,,,,
24075,Accepted,,,,,
24076,Accepted,,,,,
24077,Accepted,,,,,
24078,Accepted,,,,,
24079,Accepted,,,,,
24080,Accepted,,,,,
24081,Accepted,,,,,
24082,Accepted,,,,,
24083,Accepted,,,,,
24084,Accepted,,,,,
24085,Accepted,,,,,
24086,Accepted,,,,,
24087,Accepted,,,,,
24088,Accepted,,,,,
24089,Accepted,,,,,
24090,Accepted,,,,,
24091,Accepted,,,,,
24092,Accepted,,,,,
24093,Accepted,,,,,
24094,Accepted,,,,,
24095,Accepted,,,,,
24096,Accepted,,,,,
24097,Accepted,,,,,
24098,Accepted,,,,,
24099,Accepted,,,,,
24100,Accepted,,,,,
24101,Accepted,,,,,
24102,Accepted,,,,,
24103,Accepted,,,,,
24104,Accepted,,,,,
24105,Accepted,,,,,
24106,Accepted,,,,,
24107,Accepted,,,,,
24108,Accepted,,,,,
24109,Accepted,,,,,
24110,Accepted,,,,,
24111,Accepted,,,,,
24112,Accepted,,,,,
24113,Accepted,,,,,
24114,Accepted,,,,,
24115,Accepted,,,,,
24116,Accepted,,,,,
24117,Accepted,,,,,
24118,Accepted,,,,,
24119,Accepted,,,,,
24120,Accepted,,,,,
24121,Accepted,,,,,
24122,Accepted,,,,,
24123,Accepted,,,,,
24124,Accepted,,,,,
24125,Accepted,,,,,
24126,Accepted,,,,,
24127,Accepted,,,,,
24128,Accepted,,,,,
24129,Accepted,,,,,
24130,Accepted,,,,,
24131,Accepted,,,,,
24132,Accepted,,,,,
24133,Accepted,,,,,
24134,Accepted,,,,,
24135,Accepted,,,,,
24136,Accepted,,,,,
24137,Accepted,,,,,
24138,Accepted,,,,,
24139,Accepted,,,,,
24140,Accepted,,,,,
24141,Accepted,,,,,
24142,Accepted,,,,,
24143,Accepted,,,,,
24144,Accepted,,,,,
24145,Accepted,,,,,
24146,Accepted,,,,,
24147,Accepted,,,,,
24148,Accepted,,,,,
24149,Accepted,,,,,
24150,Accepted,,,,,
24151,Accepted,,,,,
24152,Accepted,,,,,
24153,Accepted,,,,,
24154,Accepted,,,,,
24155,Accepted,,,,,
24156,Accepted,,,,,
24157,Accepted,,,,,
24158,Accepted,,,,,
24159,Accepted,,,,,
24160,Accepted,,,,,
24161,Accepted,,,,,
24162,Accepted,,,,,
24163,Accepted,,,,,
24164,Accepted,,,,,
24165,Accepted,,,,,
24166,Accepted,,,,,
24167,Accepted,,,,,
24168,Accepted,,,,,
24169,Accepted,,,,,
24170,Accepted,,,,,
24171,Accepted,,,,,
24172,Accepted,,,,,
24173,Accepted,,,,,
24174,Accepted,,,,,
24175,Accepted,,,,,
24176,Accepted,,,,,
24177,Accepted,,,,,
24178,Accepted,,,,,
24179,Accepted,,,,,
24180,Accepted,,,,,
24181,Accepted,,,,,
24182,Accepted,,,,,
24183,Accepted,,,,,
24184,Accepted,,,,,
24185,Accepted,,,,,
24186,Accepted,,,,,
24187,Accepted,,,,,
24188,Accepted,,,,,
24189,Accepted,,,,,
24190,Accepted,,,,,
24191,Accepted,,,,,
24192,Accepted,,,,,
24193,Accepted,,,,,
24194,Accepted,,,,,
24195,Accepted,,,,,
24196,Accepted,,,,,
24197,Accepted,,,,,
24198,Accepted,,,,,
24199,Accepted,,,,,
24200,Accepted,,,,,
24201,Accepted,,,,,
24202,Accepted,,,,,
24203,Accepted,,,,,
24204,Accepted,,,,,
24205,Accepted,,,,,
24206,Accepted,,,,,
24207,Accepted,,,,,
24208,Accepted,,,,,
24209,Accepted,,,,,
24210,Accepted,,,,,
24211,Accepted,,,,,
24212,Accepted,,,,,
24213,Accepted,,,,,
24214,Accepted,,,,,
24215,Accepted,,,,,
24216,Accepted,,,,,
24217,Accepted,,,,,
24218,Accepted,,,,,
24219,Accepted,,,,,
24220,Accepted,,,,,
24221,Accepted,,,,,
24222,Accepted,,,,,
24223,Accepted,,,,,
24224,Accepted,,,,,
24225,Accepted,,,,,
24226,Accepted,,,,,
24227,Accepted,,,,,
24228,Accepted,,,,,
24229,Accepted,,,,,
24230,Accepted,,,,,
24231,Accepted,,,,,
24232,Accepted,,,,,
24233,Accepted,,,,,
24234,Accepted,,,,,
24235,Accepted,,,,,
24236,Accepted,,,,,
24237,Accepted,,,,,
24238,Accepted,,,,,
24239,Accepted,,,,,
24240,Accepted,,,,,
24241,Accepted,,,,,
24242,Accepted,,,,,
24243,Accepted,,,,,
24244,Accepted,,,,,
24245,Accepted,,,,,
24246,Accepted,,,,,
24247,Accepted,,,,,
24248,Accepted,,,,,
24249,Accepted,,,,,
24250,Accepted,,,,,
24251,Accepted,,,,,
24252,Accepted,,,,,
24253,Accepted,,,,,
24254,Accepted,,,,,
24255,Accepted,,,,,
24256,Accepted,,,,,
24257,Accepted,,,,,
24258,Accepted,,,,,
24259,Accepted,,,,,
24260,Accepted,,,,,
24261,Accepted,,,,,
24262,Accepted,,,,,
24263,Accepted,,,,,
24264,Accepted,,,,,
24265,Accepted,,,,,
24266,Accepted,,,,,
24267,Accepted,,,,,
24268,Accepted,,,,,
24269,Accepted,,,,,
24270,Accepted,,,,,
24271,Accepted,,,,,
24272,Accepted,,,,,
24273,Accepted,,,,,
24274,Accepted,,,,,
24275,Accepted,,,,,
24276,Accepted,,,,,
24277,Accepted,,,,,
24278,Accepted,,,,,
24279,Accepted,,,,,
24280,Accepted,,,,,
24281,Accepted,,,,,
24282,Accepted,,,,,
24283,Accepted,,,,,
24284,Accepted,,,,,
24285,Accepted,,,,,
24286,Accepted,,,,,
24287,Accepted,,,,,
24288,Accepted,,,,,
24289,Accepted,,,,,
24290,Accepted,,,,,
24291,Accepted,,,,,
24292,Accepted,,,,,
24293,Accepted,,,,,
24294,Accepted,,,,,
24295,Accepted,,,,,
24296,Accepted,,,,,
24297,Accepted,,,,,
24298,Accepted,,,,,
24299,Accepted,,,,,
24300,Accepted,,,,,
24301,Accepted,,,,,
24302,Accepted,,,,,
24303,Accepted,,,,,
24304,Accepted,,,,,
24305,Accepted,,,,,
24306,Accepted,,,,,
24307,Accepted,,,,,
24308,Accepted,,,,,
24309,Accepted,,,,,
24310,Accepted,,,,,
24311,Accepted,,,,,
24312,Accepted,,,,,
24313,Accepted,,,,,
24314,Accepted,,,,,
24315,Accepted,,,,,
24316,Accepted,,,,,
24317,Accepted,,,,,
24318,Accepted,,,,,
24319,Accepted,,,,,
24320,Accepted,,,,,
24321,Accepted,,,,,
24322,Accepted,,,,,
24323,Accepted,,,,,
24324,Accepted,,,,,
24325,Accepted,,,,,
24326,Accepted,,,,,
24327,Accepted,,,,,
24328,Accepted,,,,,
24329,Accepted,,,,,
24330,Accepted,,,,,
24331,Accepted,,,,,
24332,Accepted,,,,,
24333,Accepted,,,,,
24334,Accepted,,,,,
24335,Accepted,,,,,
24336,Accepted,,,,,
24337,Accepted,,,,,
24338,Accepted,,,,,
24339,Accepted,,,,,
24340,Accepted,,,,,
24341,Accepted,,,,,
24342,Accepted,,,,,
24343,Accepted,,,,,
24344,Accepted,,,,,
24345,Accepted,,,,,
24346,Accepted,,,,,
24347,Accepted,,,,,
24348,Accepted,,,,,
24349,Accepted,,,,,
24350,Accepted,,,,,
24351,Accepted,,,,,
24352,Accepted,,,,,
24353,Accepted,,,,,
24354,Accepted,,,,,
24355,Accepted,,,,,
24356,Accepted,,,,,
24357,Accepted,,,,,
24358,Accepted,,,,,
24359,Accepted,,,,,
24360,Accepted,,,,,
24361,Accepted,,,,,
24362,Accepted,,,,,
24363,Accepted,,,,,
24364,Accepted,,,,,
24365,Accepted,,,,,
24366,Accepted,,,,,
24367,Accepted,,,,,
24368,Accepted,,,,,
24369,Accepted,,,,,
24370,Accepted,,,,,
24371,Accepted,,,,,
24372,Accepted,,,,,
24373,Accepted,,,,,
24374,Accepted,,,,,
24375,Accepted,,,,,
24376,Accepted,,,,,
24377,Accepted,,,,,
24378,Accepted,,,,,
24379,Accepted,,,,,
24380,Accepted,,,,,
24381,Accepted,,,,,
24382,Accepted,,,,,
24383,Accepted,,,,,
24384,Accepted,,,,,
24385,Accepted,,,,,
24386,Accepted,,,,,
24387,Accepted,,,,,
24388,Accepted,,,,,
24389,Accepted,,,,,
24390,Accepted,,,,,
24391,Accepted,,,,,
24392,Accepted,,,,,
24393,Accepted,,,,,
24394,Accepted,,,,,
24395,Accepted,,,,,
24396,Accepted,,,,,
24397,Accepted,,,,,
24398,Accepted,,,,,
24399,Accepted,,,,,
24400,Accepted,,,,,
24401,Accepted,,,,,
24402,Accepted,,,,,
24403,Accepted,,,,,
24404,Accepted,,,,,
24405,Accepted,,,,,
24406,Accepted,,,,,
24407,Accepted,,,,,
24408,Accepted,,,,,
24409,Accepted,,,,,
24410,Accepted,,,,,
24411,Accepted,,,,,
24412,Accepted,,,,,
24413,Accepted,,,,,
24414,Accepted,,,,,
24415,Accepted,,,,,
24416,Accepted,,,,,
24417,Accepted,,,,,
24418,Accepted,,,,,
24419,Accepted,,,,,
24420,Accepted,,,,,
24421,Accepted,,,,,
24422,Accepted,,,,,
24423,Accepted,,,,,
24424,Accepted,,,,,
24425,Accepted,,,,,
24426,Accepted,,,,,
24427,Accepted,,,,,
24428,Accepted,,,,,
24429,Accepted,,,,,
24430,Accepted,,,,,
24431,Accepted,,,,,
24432,Accepted,,,,,
24433,Accepted,,,,,
24434,Accepted,,,,,
24435,Accepted,,,,,
24436,Accepted,,,,,
24437,Accepted,,,,,
24438,Accepted,,,,,
24439,Accepted,,,,,
24440,Accepted,,,,,
24441,Accepted,,,,,
24442,Accepted,,,,,
24443,Accepted,,,,,
24444,Accepted,,,,,
24445,Accepted,,,,,
24446,Accepted,,,,,
24447,Accepted,,,,,
24448,Accepted,,,,,
24449,Accepted,,,,,
24450,Accepted,,,,,
24451,Accepted,,,,,
24452,Accepted,,,,,
24453,Accepted,,,,,
24454,Accepted,,,,,
24455,Accepted,,,,,
24456,Accepted,,,,,
24457,Accepted,,,,,
24458,Accepted,,,,,
24459,Accepted,,,,,
24460,Accepted,,,,,
24461,Accepted,,,,,
24462,Accepted,,,,,
24463,Accepted,,,,,
24464,Accepted,,,,,
24465,Accepted,,,,,
24466,Accepted,,,,,
24467,Accepted,,,,,
24468,Accepted,,,,,
24469,Accepted,,,,,
24470,Accepted,,,,,
24471,Accepted,,,,,
24472,Accepted,,,,,
24473,Accepted,,,,,
24474,Accepted,,,,,
24475,Accepted,,,,,
24476,Accepted,,,,,
24477,Accepted,,,,,
24478,Accepted,,,,,
24479,Accepted,,,,,
24480,Accepted,,,,,
24481,Accepted,,,,,
24482,Accepted,,,,,
24483,Accepted,,,,,
24484,Accepted,,,,,
24485,Accepted,,,,,
24486,Accepted,,,,,
24487,Accepted,,,,,
24488,Accepted,,,,,
24489,Accepted,,,,,
24490,Accepted,,,,,
24491,Accepted,,,,,
24492,Accepted,,,,,
24493,Accepted,,,,,
24494,Accepted,,,,,
24495,Accepted,,,,,
24496,Accepted,,,,,
24497,Accepted,,,,,
24498,Accepted,,,,,
24499,Accepted,,,,,
24500,Accepted,,,,,
24501,Accepted,,,,,
24502,Accepted,,,,,
24503,Accepted,,,,,
24504,Accepted,,,,,
24505,Accepted,,,,,
24506,Accepted,,,,,
24507,Accepted,,,,,
24508,Accepted,,,,,
24509,Accepted,,,,,
24510,Accepted,,,,,
24511,Accepted,,,,,
24512,Accepted,,,,,
24513,Accepted,,,,,
24514,Accepted,,,,,
24515,Accepted,,,,,
24516,Accepted,,,,,
24517,Accepted,,,,,
24518,Accepted,,,,,
24519,Accepted,,,,,
24520,Accepted,,,,,
24521,Accepted,,,,,
24522,Accepted,,,,,
24523,Accepted,,,,,
24524,Accepted,,,,,
24525,Accepted,,,,,
24526,Accepted,,,,,
24527,Accepted,,,,,
24528,Accepted,,,,,
24529,Accepted,,,,,
24530,Accepted,,,,,
24531,Accepted,,,,,
24532,Accepted,,,,,
24533,Accepted,,,,,
24534,Accepted,,,,,
24535,Accepted,,,,,
24536,Accepted,,,,,
24537,Accepted,,,,,
24538,Accepted,,,,,
24539,Accepted,,,,,
24540,Accepted,,,,,
24541,Accepted,,,,,
24542,Accepted,,,,,
24543,Accepted,,,,,
24544,Accepted,,,,,
24545,Accepted,,,,,
24546,Accepted,,,,,
24547,Accepted,,,,,
24548,Accepted,,,,,
24549,Accepted,,,,,
24550,Accepted,,,,,
24551,Accepted,,,,,
24552,Accepted,,,,,
24553,Accepted,,,,,
24554,Accepted,,,,,
24555,Accepted,,,,,
24556,Accepted,,,,,
24557,Accepted,,,,,
24558,Accepted,,,,,
24559,Accepted,,,,,
24560,Accepted,,,,,
24561,Accepted,,,,,
24562,Accepted,,,,,
24563,Accepted,,,,,
24564,Accepted,,,,,
24565,Accepted,,,,,
24566,Accepted,,,,,
24567,Accepted,,,,,
24568,Accepted,,,,,
24569,Accepted,,,,,
24570,Accepted,,,,,
24571,Accepted,,,,,
24572,Accepted,,,,,
24573,Accepted,,,,,
24574,Accepted,,,,,
24575,Accepted,,,,,
24576,Accepted,,,,,
24577,Accepted,,,,,
24578,Accepted,,,,,
24579,Accepted,,,,,
24580,Accepted,,,,,
24581,Accepted,,,,,
24582,Accepted,,,,,
24583,Accepted,,,,,
24584,Accepted,,,,,
24585,Accepted,,,,,
24586,Accepted,,,,,
24587,Accepted,,,,,
24588,Accepted,,,,,
24589,Accepted,,,,,
24590,Accepted,,,,,
24591,Accepted,,,,,
24592,Accepted,,,,,
24593,Accepted,,,,,
24594,Accepted,,,,,
24595,Accepted,,,,,
24596,Accepted,,,,,
24597,Accepted,,,,,
24598,Accepted,,,,,
24599,Accepted,,,,,
24600,Accepted,,,,,
24601,Accepted,,,,,
24602,Accepted,,,,,
24603,Accepted,,,,,
24604,Accepted,,,,,
24605,Accepted,,,,,
24606,Accepted,,,,,
24607,Accepted,,,,,
24608,Accepted,,,,,
24609,Accepted,,,,,
24610,Accepted,,,,,
24611,Accepted,,,,,
24612,Accepted,,,,,
24613,Accepted,,,,,
24614,Accepted,,,,,
24615,Accepted,,,,,
24616,Accepted,,,,,
24617,Accepted,,,,,
24618,Accepted,,,,,
24619,Accepted,,,,,
24620,Accepted,,,,,
24621,Accepted,,,,,
24622,Accepted,,,,,
24623,Accepted,,,,,
24624,Accepted,,,,,
24625,Accepted,,,,,
24626,Accepted,,,,,
24627,Accepted,,,,,
24628,Accepted,,,,,
24629,Accepted,,,,,
24630,Accepted,,,,,
24631,Accepted,,,,,
24632,Accepted,,,,,
24633,Accepted,,,,,
24634,Accepted,,,,,
24635,Accepted,,,,,
24636,Accepted,,,,,
24637,Accepted,,,,,
24638,Accepted,,,,,
24639,Accepted,,,,,
24640,Accepted,,,,,
24641,Accepted,,,,,
24642,Accepted,,,,,
24643,Accepted,,,,,
24644,Accepted,,,,,
24645,Accepted,,,,,
24646,Accepted,,,,,
24647,Accepted,,,,,
24648,Accepted,,,,,
24649,Accepted,,,,,
24650,Accepted,,,,,
24651,Accepted,,,,,
24652,Accepted,,,,,
24653,Accepted,,,,,
24654,Accepted,,,,,
24655,Accepted,,,,,
24656,Accepted,,,,,
24657,Accepted,,,,,
24658,Accepted,,,,,
24659,Accepted,,,,,
24660,Accepted,,,,,
24661,Accepted,,,,,
24662,Accepted,,,,,
24663,Accepted,,,,,
24664,Accepted,,,,,
24665,Accepted,,,,,
24666,Accepted,,,,,
24667,Accepted,,,,,
24668,Accepted,,,,,
24669,Accepted,,,,,
24670,Accepted,,,,,
24671,Accepted,,,,,
24672,Accepted,,,,,
24673,Accepted,,,,,
24674,Accepted,,,,,
24675,Accepted,,,,,
24676,Accepted,,,,,
24677,Accepted,,,,,
24678,Accepted,,,,,
24679,Accepted,,,,,
24680,Accepted,,,,,
24681,Accepted,,,,,
24682,Accepted,,,,,
24683,Accepted,,,,,
24684,Accepted,,,,,
24685,Accepted,,,,,
24686,Accepted,,,,,
24687,Accepted,,,,,
24688,Accepted,,,,,
24689,Accepted,,,,,
24690,Accepted,,,,,
24691,Accepted,,,,,
24692,Accepted,,,,,
24693,Accepted,,,,,
24694,Accepted,,,,,
24695,Accepted,,,,,
24696,Accepted,,,,,
24697,Accepted,,,,,
24698,Accepted,,,,,
24699,Accepted,,,,,
24700,Accepted,,,,,
24701,Accepted,,,,,
24702,Accepted,,,,,
24703,Accepted,,,,,
24704,Accepted,,,,,
24705,Accepted,,,,,
24706,Accepted,,,,,
24707,Accepted,,,,,
24708,Accepted,,,,,
24709,Accepted,,,,,
24710,Accepted,,,,,
24711,Accepted,,,,,
24712,Accepted,,,,,
24713,Accepted,,,,,
24714,Accepted,,,,,
24715,Accepted,,,,,
24716,Accepted,,,,,
24717,Accepted,,,,,
24718,Accepted,,,,,
24719,Accepted,,,,,
24720,Accepted,,,,,
24721,Accepted,,,,,
24722,Accepted,,,,,
24723,Accepted,,,,,
24724,Accepted,,,,,
24725,Accepted,,,,,
24726,Accepted,,,,,
24727,Accepted,,,,,
24728,Accepted,,,,,
24729,Accepted,,,,,
24730,Accepted,,,,,
24731,Accepted,,,,,
24732,Accepted,,,,,
24733,Accepted,,,,,
24734,Accepted,,,,,
24735,Accepted,,,,,
24736,Accepted,,,,,
24737,Accepted,,,,,
24738,Accepted,,,,,
24739,Accepted,,,,,
24740,Accepted,,,,,
24741,Accepted,,,,,
24742,Accepted,,,,,
24743,Accepted,,,,,
24744,Accepted,,,,,
24745,Accepted,,,,,
24746,Accepted,,,,,
24747,Accepted,,,,,
24748,Accepted,,,,,
24749,Accepted,,,,,
24750,Accepted,,,,,
24751,Accepted,,,,,
24752,Accepted,,,,,
24753,Accepted,,,,,
24754,Accepted,,,,,
24755,Accepted,,,,,
24756,Accepted,,,,,
24757,Accepted,,,,,
24758,Accepted,,,,,
24759,Accepted,,,,,
24760,Accepted,,,,,
24761,Accepted,,,,,
24762,Accepted,,,,,
24763,Accepted,,,,,
24764,Accepted,,,,,
24765,Accepted,,,,,
24766,Accepted,,,,,
24767,Accepted,,,,,
24768,Accepted,,,,,
24769,Accepted,,,,,
24770,Accepted,,,,,
24771,Accepted,,,,,
24772,Accepted,,,,,
24773,Accepted,,,,,
24774,Accepted,,,,,
24775,Accepted,,,,,
24776,Accepted,,,,,
24777,Accepted,,,,,
24778,Accepted,,,,,
24779,Accepted,,,,,
24780,Accepted,,,,,
24781,Accepted,,,,,
24782,Accepted,,,,,
24783,Accepted,,,,,
24784,Accepted,,,,,
24785,Accepted,,,,,
24786,Accepted,,,,,
24787,Accepted,,,,,
24788,Accepted,,,,,
24789,Accepted,,,,,
24790,Accepted,,,,,
24791,Accepted,,,,,
24792,Accepted,,,,,
24793,Accepted,,,,,
24794,Accepted,,,,,
24795,Accepted,,,,,
24796,Accepted,,,,,
24797,Accepted,,,,,
24798,Accepted,,,,,
24799,Accepted,,,,,
24800,Accepted,,,,,
24801,Accepted,,,,,
24802,Accepted,,,,,
24803,Accepted,,,,,
24804,Accepted,,,,,
24805,Accepted,,,,,
24806,Accepted,,,,,
24807,Accepted,,,,,
24808,Accepted,,,,,
24809,Accepted,,,,,
24810,Accepted,,,,,
24811,Accepted,,,,,
24812,Accepted,,,,,
24813,Accepted,,,,,
24814,Accepted,,,,,
24815,Accepted,,,,,
24816,Accepted,,,,,
24817,Accepted,,,,,
24818,Accepted,,,,,
24819,Accepted,,,,,
24820,Accepted,,,,,
24821,Accepted,,,,,
24822,Accepted,,,,,
24823,Accepted,,,,,
24824,Accepted,,,,,
24825,Accepted,,,,,
24826,Accepted,,,,,
24827,Accepted,,,,,
24828,Accepted,,,,,
24829,Accepted,,,,,
24830,Accepted,,,,,
24831,Accepted,,,,,
24832,Accepted,,,,,
24833,Accepted,,,,,
24834,Accepted,,,,,
24835,Accepted,,,,,
24836,Accepted,,,,,
24837,Accepted,,,,,
24838,Accepted,,,,,
24839,Accepted,,,,,
24840,Accepted,,,,,
24841,Accepted,,,,,
24842,Accepted,,,,,
24843,Accepted,,,,,
24844,Accepted,,,,,
24845,Accepted,,,,,
24846,Accepted,,,,,
24847,Accepted,,,,,
24848,Accepted,,,,,
24849,Accepted,,,,,
24850,Accepted,,,,,
24851,Accepted,,,,,
24852,Accepted,,,,,
24853,Accepted,,,,,
24854,Accepted,,,,,
24855,Accepted,,,,,
24856,Accepted,,,,,
24857,Accepted,,,,,
24858,Accepted,,,,,
24859,Accepted,,,,,
24860,Accepted,,,,,
24861,Accepted,,,,,
24862,Accepted,,,,,
24863,Accepted,,,,,
24864,Accepted,,,,,
24865,Accepted,,,,,
24866,Accepted,,,,,
24867,Accepted,,,,,
24868,Accepted,,,,,
24869,Accepted,,,,,
24870,Accepted,,,,,
24871,Accepted,,,,,
24872,Accepted,,,,,
24873,Accepted,,,,,
24874,Accepted,,,,,
24875,Accepted,,,,,
24876,Accepted,,,,,
24877,Accepted,,,,,
24878,Accepted,,,,,
24879,Accepted,,,,,
24880,Accepted,,,,,
24881,Accepted,,,,,
24882,Accepted,,,,,
24883,Accepted,,,,,
24884,Accepted,,,,,
24885,Accepted,,,,,
24886,Accepted,,,,,
24887,Accepted,,,,,
24888,Accepted,,,,,
24889,Accepted,,,,,
24890,Accepted,,,,,
24891,Accepted,,,,,
24892,Accepted,,,,,
24893,Accepted,,,,,
24894,Accepted,,,,,
24895,Accepted,,,,,
24896,Accepted,,,,,
24897,Accepted,,,,,
24898,Accepted,,,,,
24899,Accepted,,,,,
24900,Accepted,,,,,
24901,Accepted,,,,,
24902,Accepted,,,,,
24903,Accepted,,,,,
24904,Accepted,,,,,
24905,Accepted,,,,,
24906,Accepted,,,,,
24907,Accepted,,,,,
24908,Accepted,,,,,
24909,Accepted,,,,,
24910,Accepted,,,,,
24911,Accepted,,,,,
24912,Accepted,,,,,
24913,Accepted,,,,,
24914,Accepted,,,,,
24915,Accepted,,,,,
24916,Accepted,,,,,
24917,Accepted,,,,,
24918,Accepted,,,,,
24919,Accepted,,,,,
24920,Accepted,,,,,
24921,Accepted,,,,,
24922,Accepted,,,,,
24923,Accepted,,,,,
24924,Accepted,,,,,
24925,Accepted,,,,,
24926,Accepted,,,,,
24927,Accepted,,,,,
24928,Accepted,,,,,
24929,Accepted,,,,,
24930,Accepted,,,,,
24931,Accepted,,,,,
24932,Accepted,,,,,
24933,Accepted,,,,,
24934,Accepted,,,,,
24935,Accepted,,,,,
24936,Accepted,,,,,
24937,Accepted,,,,,
24938,Accepted,,,,,
24939,Accepted,,,,,
24940,Accepted,,,,,
24941,Accepted,,,,,
24942,Accepted,,,,,
24943,Accepted,,,,,
24944,Accepted,,,,,
24945,Accepted,,,,,
24946,Accepted,,,,,
24947,Accepted,,,,,
24948,Accepted,,,,,
24949,Accepted,,,,,
24950,Accepted,,,,,
24951,Accepted,,,,,
24952,Accepted,,,,,
24953,Accepted,,,,,
24954,Accepted,,,,,
24955,Accepted,,,,,
24956,Accepted,,,,,
24957,Accepted,,,,,
24958,Accepted,,,,,
24959,Accepted,,,,,
24960,Accepted,,,,,
24961,Accepted,,,,,
24962,Accepted,,,,,
24963,Accepted,,,,,
24964,Accepted,,,,,
24965,Accepted,,,,,
24966,Accepted,,,,,
24967,Accepted,,,,,
24968,Accepted,,,,,
24969,Accepted,,,,,
24970,Accepted,,,,,
24971,Accepted,,,,,
24972,Accepted,,,,,
24973,Accepted,,,,,
24974,Accepted,,,,,
24975,Accepted,,,,,
24976,Accepted,,,,,
24977,Accepted,,,,,
24978,Accepted,,,,,
24979,Accepted,,,,,
24980,Accepted,,,,,
24981,Accepted,,,,,
24982,Accepted,,,,,
24983,Accepted,,,,,
24984,Accepted,,,,,
24985,Accepted,,,,,
24986,Accepted,,,,,
24987,Accepted,,,,,
24988,Accepted,,,,,
24989,Accepted,,,,,
24990,Accepted,,,,,
24991,Accepted,,,,,
24992,Accepted,,,,,
24993,Accepted,,,,,
24994,Accepted,,,,,
24995,Accepted,,,,,
24996,Accepted,,,,,
24997,Accepted,,,,,
24998,Accepted,,,,,
24999,Accepted,,,,,
25000,Accepted,,,,,
25001,Accepted,,,,,
25002,Accepted,,,,,
25003,Accepted,,,,,
25004,Accepted,,,,,
25005,Accepted,,,,,
25006,Accepted,,,,,
25007,Accepted,,,,,
25008,Accepted,,,,,
25009,Accepted,,,,,
25010,Accepted,,,,,
25011,Accepted,,,,,
25012,Accepted,,,,,
25013,Accepted,,,,,
25014,Accepted,,,,,
25015,Accepted,,,,,
25016,Accepted,,,,,
25017,Accepted,,,,,
25018,Accepted,,,,,
25019,Accepted,,,,,
25020,Accepted,,,,,
25021,Accepted,,,,,
25022,Accepted,,,,,
25023,Accepted,,,,,
25024,Accepted,,,,,
25025,Accepted,,,,,
25026,Accepted,,,,,
25027,Accepted,,,,,
25028,Accepted,,,,,
25029,Accepted,,,,,
25030,Accepted,,,,,
25031,Accepted,,,,,
25032,Accepted,,,,,
25033,Accepted,,,,,
25034,Accepted,,,,,
25035,Accepted,,,,,
25036,Accepted,,,,,
25037,Accepted,,,,,
25038,Accepted,,,,,
25039,Accepted,,,,,
25040,Accepted,,,,,
25041,Accepted,,,,,
25042,Accepted,,,,,
25043,Accepted,,,,,
25044,Accepted,,,,,
25045,Accepted,,,,,
25046,Accepted,,,,,
25047,Accepted,,,,,
25048,Accepted,,,,,
25049,Accepted,,,,,
25050,Accepted,,,,,
25051,Accepted,,,,,
25052,Accepted,,,,,
25053,Accepted,,,,,
25054,Accepted,,,,,
25055,Accepted,,,,,
25056,Accepted,,,,,
25057,Accepted,,,,,
25058,Accepted,,,,,
25059,Accepted,,,,,
25060,Accepted,,,,,
25061,Accepted,,,,,
25062,Accepted,,,,,
25063,Accepted,,,,,
25064,Accepted,,,,,
25065,Accepted,,,,,
25066,Accepted,,,,,
25067,Accepted,,,,,
25068,Accepted,,,,,
25069,Accepted,,,,,
25070,Accepted,,,,,
25071,Accepted,,,,,
25072,Accepted,,,,,
25073,Accepted,,,,,
25074,Accepted,,,,,
25075,Accepted,,,,,
25076,Accepted,,,,,
25077,Accepted,,,,,
25078,Accepted,,,,,
25079,Accepted,,,,,
25080,Accepted,,,,,
25081,Accepted,,,,,
25082,Accepted,,,,,
25083,Accepted,,,,,
25084,Accepted,,,,,
25085,Accepted,,,,,
25086,Accepted,,,,,
25087,Accepted,,,,,
25088,Accepted,,,,,
25089,Accepted,,,,,
25090,Accepted,,,,,
25091,Accepted,,,,,
25092,Accepted,,,,,
25093,Accepted,,,,,
25094,Accepted,,,,,
25095,Accepted,,,,,
25096,Accepted,,,,,
25097,Accepted,,,,,
25098,Accepted,,,,,
25099,Accepted,,,,,
25100,Accepted,,,,,
25101,Accepted,,,,,
25102,Accepted,,,,,
25103,Accepted,,,,,
25104,Accepted,,,,,
25105,Accepted,,,,,
25106,Accepted,,,,,
25107,Accepted,,,,,
25108,Accepted,,,,,
25109,Accepted,,,,,
25110,Accepted,,,,,
25111,Accepted,,,,,
25112,Accepted,,,,,
25113,Accepted,,,,,
25114,Accepted,,,,,
25115,Accepted,,,,,
25116,Accepted,,,,,
25117,Accepted,,,,,
25118,Accepted,,,,,
25119,Accepted,,,,,
25120,Accepted,,,,,
25121,Accepted,,,,,
25122,Accepted,,,,,
25123,Accepted,,,,,
25124,Accepted,,,,,
25125,Accepted,,,,,
25126,Accepted,,,,,
25127,Accepted,,,,,
25128,Accepted,,,,,
25129,Accepted,,,,,
25130,Accepted,,,,,
25131,Accepted,,,,,
25132,Accepted,,,,,
25133,Accepted,,,,,
25134,Accepted,,,,,
25135,Accepted,,,,,
25136,Accepted,,,,,
25137,Accepted,,,,,
25138,Accepted,,,,,
25139,Accepted,,,,,
25140,Accepted,,,,,
25141,Accepted,,,,,
25142,Accepted,,,,,
25143,Accepted,,,,,
25144,Accepted,,,,,
25145,Accepted,,,,,
25146,Accepted,,,,,
25147,Accepted,,,,,
25148,Accepted,,,,,
25149,Accepted,,,,,
25150,Accepted,,,,,
25151,Accepted,,,,,
25152,Accepted,,,,,
25153,Accepted,,,,,
25154,Accepted,,,,,
25155,Accepted,,,,,
25156,Accepted,,,,,
25157,Accepted,,,,,
25158,Accepted,,,,,
25159,Accepted,,,,,
25160,Accepted,,,,,
25161,Accepted,,,,,
25162,Accepted,,,,,
25163,Accepted,,,,,
25164,Accepted,,,,,
25165,Accepted,,,,,
25166,Accepted,,,,,
25167,Accepted,,,,,
25168,Accepted,,,,,
25169,Accepted,,,,,
25170,Accepted,,,,,
25171,Accepted,,,,,
25172,Accepted,,,,,
25173,Accepted,,,,,
25174,Accepted,,,,,
25175,Accepted,,,,,
25176,Accepted,,,,,
25177,Accepted,,,,,
25178,Accepted,,,,,
25179,Accepted,,,,,
25180,Accepted,,,,,
25181,Accepted,,,,,
25182,Accepted,,,,,
25183,Accepted,,,,,
25184,Accepted,,,,,
25185,Accepted,,,,,
25186,Accepted,,,,,
25187,Accepted,,,,,
25188,Accepted,,,,,
25189,Accepted,,,,,
25190,Accepted,,,,,
25191,Accepted,,,,,
25192,Accepted,,,,,
25193,Accepted,,,,,
25194,Accepted,,,,,
25195,Accepted,,,,,
25196,Accepted,,,,,
25197,Accepted,,,,,
25198,Accepted,,,,,
25199,Accepted,,,,,
25200,Accepted,,,,,
25201,Accepted,,,,,
25202,Accepted,,,,,
25203,Accepted,,,,,
25204,Accepted,,,,,
25205,Accepted,,,,,
25206,Accepted,,,,,
25207,Accepted,,,,,
25208,Accepted,,,,,
25209,Accepted,,,,,
25210,Accepted,,,,,
25211,Accepted,,,,,
25212,Accepted,,,,,
25213,Accepted,,,,,
25214,Accepted,,,,,
25215,Accepted,,,,,
25216,Accepted,,,,,
25217,Accepted,,,,,
25218,Accepted,,,,,
25219,Accepted,,,,,
25220,Accepted,,,,,
25221,Accepted,,,,,
25222,Accepted,,,,,
25223,Accepted,,,,,
25224,Accepted,,,,,
25225,Accepted,,,,,
25226,Accepted,,,,,
25227,Accepted,,,,,
25228,Accepted,,,,,
25229,Accepted,,,,,
25230,Accepted,,,,,
25231,Accepted,,,,,
25232,Accepted,,,,,
25233,Accepted,,,,,
25234,Accepted,,,,,
25235,Accepted,,,,,
25236,Accepted,,,,,
25237,Accepted,,,,,
25238,Accepted,,,,,
25239,Accepted,,,,,
25240,Accepted,,,,,
25241,Accepted,,,,,
25242,Accepted,,,,,
25243,Accepted,,,,,
25244,Accepted,,,,,
25245,Accepted,,,,,
25246,Accepted,,,,,
25247,Accepted,,,,,
25248,Accepted,,,,,
25249,Accepted,,,,,
25250,Accepted,,,,,
25251,Accepted,,,,,
25252,Accepted,,,,,
25253,Accepted,,,,,
25254,Accepted,,,,,
25255,Accepted,,,,,
25256,Accepted,,,,,
25257,Accepted,,,,,
25258,Accepted,,,,,
25259,Accepted,,,,,
25260,Accepted,,,,,
25261,Accepted,,,,,
25262,Accepted,,,,,
25263,Accepted,,,,,
25264,Accepted,,,,,
25265,Accepted,,,,,
25266,Accepted,,,,,
25267,Accepted,,,,,
25268,Accepted,,,,,
25269,Accepted,,,,,
25270,Accepted,,,,,
25271,Accepted,,,,,
25272,Accepted,,,,,
25273,Accepted,,,,,
25274,Accepted,,,,,
25275,Accepted,,,,,
25276,Accepted,,,,,
25277,Accepted,,,,,
25278,Accepted,,,,,
25279,Accepted,,,,,
25280,Accepted,,,,,
25281,Accepted,,,,,
25282,Accepted,,,,,
25283,Accepted,,,,,
25284,Accepted,,,,,
25285,Accepted,,,,,
25286,Accepted,,,,,
25287,Accepted,,,,,
25288,Accepted,,,,,
25289,Accepted,,,,,
25290,Accepted,,,,,
25291,Accepted,,,,,
25292,Accepted,,,,,
25293,Accepted,,,,,
25294,Accepted,,,,,
25295,Accepted,,,,,
25296,Accepted,,,,,
25297,Accepted,,,,,
25298,Accepted,,,,,
25299,Accepted,,,,,
25300,Accepted,,,,,
25301,Accepted,,,,,
25302,Accepted,,,,,
25303,Accepted,,,,,
25304,Accepted,,,,,
25305,Accepted,,,,,
25306,Accepted,,,,,
25307,Accepted,,,,,
25308,Accepted,,,,,
25309,Accepted,,,,,
25310,Accepted,,,,,
25311,Accepted,,,,,
25312,Accepted,,,,,
25313,Accepted,,,,,
25314,Accepted,,,,,
25315,Accepted,,,,,
25316,Accepted,,,,,
25317,Accepted,,,,,
25318,Accepted,,,,,
25319,Accepted,,,,,
25320,Accepted,,,,,
25321,Accepted,,,,,
25322,Accepted,,,,,
25323,Accepted,,,,,
25324,Accepted,,,,,
25325,Accepted,,,,,
25326,Accepted,,,,,
25327,Accepted,,,,,
25328,Accepted,,,,,
25329,Accepted,,,,,
25330,Accepted,,,,,
25331,Accepted,,,,,
25332,Accepted,,,,,
25333,Accepted,,,,,
25334,Accepted,,,,,
25335,Accepted,,,,,
25336,Accepted,,,,,
25337,Accepted,,,,,
25338,Accepted,,,,,
25339,Accepted,,,,,
25340,Accepted,,,,,
25341,Accepted,,,,,
25342,Accepted,,,,,
25343,Accepted,,,,,
25344,Accepted,,,,,
25345,Accepted,,,,,
25346,Accepted,,,,,
25347,Accepted,,,,,
25348,Accepted,,,,,
25349,Accepted,,,,,
25350,Accepted,,,,,
25351,Accepted,,,,,
25352,Accepted,,,,,
25353,Accepted,,,,,
25354,Accepted,,,,,
25355,Accepted,,,,,
25356,Accepted,,,,,
25357,Accepted,,,,,
25358,Accepted,,,,,
25359,Accepted,,,,,
25360,Accepted,,,,,
25361,Accepted,,,,,
25362,Accepted,,,,,
25363,Accepted,,,,,
25364,Accepted,,,,,
25365,Accepted,,,,,
25366,Accepted,,,,,
25367,Accepted,,,,,
25368,Accepted,,,,,
25369,Accepted,,,,,
25370,Accepted,,,,,
25371,Accepted,,,,,
25372,Accepted,,,,,
25373,Accepted,,,,,
25374,Accepted,,,,,
25375,Accepted,,,,,
25376,Accepted,,,,,
25377,Accepted,,,,,
25378,Accepted,,,,,
25379,Accepted,,,,,
25380,Accepted,,,,,
25381,Accepted,,,,,
25382,Accepted,,,,,
25383,Accepted,,,,,
25384,Accepted,,,,,
25385,Accepted,,,,,
25386,Accepted,,,,,
25387,Accepted,,,,,
25388,Accepted,,,,,
25389,Accepted,,,,,
25390,Accepted,,,,,
25391,Accepted,,,,,
25392,Accepted,,,,,
25393,Accepted,,,,,
25394,Accepted,,,,,
25395,Accepted,,,,,
25396,Accepted,,,,,
25397,Accepted,,,,,
25398,Accepted,,,,,
25399,Accepted,,,,,
25400,Accepted,,,,,
25401,Accepted,,,,,
25402,Accepted,,,,,
25403,Accepted,,,,,
25404,Accepted,,,,,
25405,Accepted,,,,,
25406,Accepted,,,,,
25407,Accepted,,,,,
25408,Accepted,,,,,
25409,Accepted,,,,,
25410,Accepted,,,,,
25411,Accepted,,,,,
25412,Accepted,,,,,
25413,Accepted,,,,,
25414,Accepted,,,,,
25415,Accepted,,,,,
25416,Accepted,,,,,
25417,Accepted,,,,,
25418,Accepted,,,,,
25419,Accepted,,,,,
25420,Accepted,,,,,
25421,Accepted,,,,,
25422,Accepted,,,,,
25423,Accepted,,,,,
25424,Accepted,,,,,
25425,Accepted,,,,,
25426,Accepted,,,,,
25427,Accepted,,,,,
25428,Accepted,,,,,
25429,Accepted,,,,,
25430,Accepted,,,,,
25431,Accepted,,,,,
25432,Accepted,,,,,
25433,Accepted,,,,,
25434,Accepted,,,,,
25435,Accepted,,,,,
25436,Accepted,,,,,
25437,Accepted,,,,,
25438,Accepted,,,,,
25439,Accepted,,,,,
25440,Accepted,,,,,
25441,Accepted,,,,,
25442,Accepted,,,,,
25443,Accepted,,,,,
25444,Accepted,,,,,
25445,Accepted,,,,,
25446,Accepted,,,,,
25447,Accepted,,,,,
25448,Accepted,,,,,
25449,Accepted,,,,,
25450,Accepted,,,,,
25451,Accepted,,,,,
25452,Accepted,,,,,
25453,Accepted,,,,,
25454,Accepted,,,,,
25455,Accepted,,,,,
25456,Accepted,,,,,
25457,Accepted,,,,,
25458,Accepted,,,,,
25459,Accepted,,,,,
25460,Accepted,,,,,
25461,Accepted,,,,,
25462,Accepted,,,,,
25463,Accepted,,,,,
25464,Accepted,,,,,
25465,Accepted,,,,,
25466,Accepted,,,,,
25467,Accepted,,,,,
25468,Accepted,,,,,
25469,Accepted,,,,,
25470,Accepted,,,,,
25471,Accepted,,,,,
25472,Accepted,,,,,
25473,Accepted,,,,,
25474,Accepted,,,,,
25475,Accepted,,,,,
25476,Accepted,,,,,
25477,Accepted,,,,,
25478,Accepted,,,,,
25479,Accepted,,,,,
25480,Accepted,,,,,
25481,Accepted,,,,,
25482,Accepted,,,,,
25483,Accepted,,,,,
25484,Accepted,,,,,
25485,Accepted,,,,,
25486,Accepted,,,,,
25487,Accepted,,,,,
25488,Accepted,,,,,
25489,Accepted,,,,,
25490,Accepted,,,,,
25491,Accepted,,,,,
25492,Accepted,,,,,
25493,Accepted,,,,,
25494,Accepted,,,,,
25495,Accepted,,,,,
25496,Accepted,,,,,
25497,Accepted,,,,,
25498,Accepted,,,,,
25499,Accepted,,,,,
25500,Accepted,,,,,
25501,Accepted,,,,,
25502,Accepted,,,,,
25503,Accepted,,,,,
25504,Accepted,,,,,
25505,Accepted,,,,,
25506,Accepted,,,,,
25507,Accepted,,,,,
25508,Accepted,,,,,
25509,Accepted,,,,,
25510,Accepted,,,,,
25511,Accepted,,,,,
25512,Accepted,,,,,
25513,Accepted,,,,,
25514,Accepted,,,,,
25515,Accepted,,,,,
25516,Accepted,,,,,
25517,Accepted,,,,,
25518,Accepted,,,,,
25519,Accepted,,,,,
25520,Accepted,,,,,
25521,Accepted,,,,,
25522,Accepted,,,,,
25523,Accepted,,,,,
25524,Accepted,,,,,
25525,Accepted,,,,,
25526,Accepted,,,,,
25527,Accepted,,,,,
25528,Accepted,,,,,
25529,Accepted,,,,,
25530,Accepted,,,,,
25531,Accepted,,,,,
25532,Accepted,,,,,
25533,Accepted,,,,,
25534,Accepted,,,,,
25535,Accepted,,,,,
25536,Accepted,,,,,
25537,Accepted,,,,,
25538,Accepted,,,,,
25539,Accepted,,,,,
25540,Accepted,,,,,
25541,Accepted,,,,,
25542,Accepted,,,,,
25543,Accepted,,,,,
25544,Accepted,,,,,
25545,Accepted,,,,,
25546,Accepted,,,,,
25547,Accepted,,,,,
25548,Accepted,,,,,
25549,Accepted,,,,,
25550,Accepted,,,,,
25551,Accepted,,,,,
25552,Accepted,,,,,
25553,Accepted,,,,,
25554,Accepted,,,,,
25555,Accepted,,,,,
25556,Accepted,,,,,
25557,Accepted,,,,,
25558,Accepted,,,,,
25559,Accepted,,,,,
25560,Accepted,,,,,
25561,Accepted,,,,,
25562,Accepted,,,,,
25563,Accepted,,,,,
25564,Accepted,,,,,
25565,Accepted,,,,,
25566,Accepted,,,,,
25567,Accepted,,,,,
25568,Accepted,,,,,
25569,Accepted,,,,,
25570,Accepted,,,,,
25571,Accepted,,,,,
25572,Accepted,,,,,
25573,Accepted,,,,,
25574,Accepted,,,,,
25575,Accepted,,,,,
25576,Accepted,,,,,
25577,Accepted,,,,,
25578,Accepted,,,,,
25579,Accepted,,,,,
25580,Accepted,,,,,
25581,Accepted,,,,,
25582,Accepted,,,,,
25583,Accepted,,,,,
25584,Accepted,,,,,
25585,Accepted,,,,,
25586,Accepted,,,,,
25587,Accepted,,,,,
25588,Accepted,,,,,
25589,Accepted,,,,,
25590,Accepted,,,,,
25591,Accepted,,,,,
25592,Accepted,,,,,
25593,Accepted,,,,,
25594,Accepted,,,,,
25595,Accepted,,,,,
25596,Accepted,,,,,
25597,Accepted,,,,,
25598,Accepted,,,,,
25599,Accepted,,,,,
25600,Accepted,,,,,
25601,Accepted,,,,,
25602,Accepted,,,,,
25603,Accepted,,,,,
25604,Accepted,,,,,
25605,Accepted,,,,,
25606,Accepted,,,,,
25607,Accepted,,,,,
25608,Accepted,,,,,
25609,Accepted,,,,,
25610,Accepted,,,,,
25611,Accepted,,,,,
25612,Accepted,,,,,
25613,Accepted,,,,,
25614,Accepted,,,,,
25615,Accepted,,,,,
25616,Accepted,,,,,
25617,Accepted,,,,,
25618,Accepted,,,,,
25619,Accepted,,,,,
25620,Accepted,,,,,
25621,Accepted,,,,,
25622,Accepted,,,,,
25623,Accepted,,,,,
25624,Accepted,,,,,
25625,Accepted,,,,,
25626,Accepted,,,,,
25627,Accepted,,,,,
25628,Accepted,,,,,
25629,Accepted,,,,,
25630,Accepted,,,,,
25631,Accepted,,,,,
25632,Accepted,,,,,
25633,Accepted,,,,,
25634,Accepted,,,,,
25635,Accepted,,,,,
25636,Accepted,,,,,
25637,Accepted,,,,,
25638,Accepted,,,,,
25639,Accepted,,,,,
25640,Accepted,,,,,
25641,Accepted,,,,,
25642,Accepted,,,,,
25643,Accepted,,,,,
25644,Accepted,,,,,
25645,Accepted,,,,,
25646,Accepted,,,,,
25647,Accepted,,,,,
25648,Accepted,,,,,
25649,Accepted,,,,,
25650,Accepted,,,,,
25651,Accepted,,,,,
25652,Accepted,,,,,
25653,Accepted,,,,,
25654,Accepted,,,,,
25655,Accepted,,,,,
25656,Accepted,,,,,
25657,Accepted,,,,,
25658,Accepted,,,,,
25659,Accepted,,,,,
25660,Accepted,,,,,
25661,Accepted,,,,,
25662,Accepted,,,,,
25663,Accepted,,,,,
25664,Accepted,,,,,
25665,Accepted,,,,,
25666,Accepted,,,,,
25667,Accepted,,,,,
25668,Accepted,,,,,
25669,Accepted,,,,,
25670,Accepted,,,,,
25671,Accepted,,,,,
25672,Accepted,,,,,
25673,Accepted,,,,,
25674,Accepted,,,,,
25675,Accepted,,,,,
25676,Accepted,,,,,
25677,Accepted,,,,,
25678,Accepted,,,,,
25679,Accepted,,,,,
25680,Accepted,,,,,
25681,Accepted,,,,,
25682,Accepted,,,,,
25683,Accepted,,,,,
25684,Accepted,,,,,
25685,Accepted,,,,,
25686,Accepted,,,,,
25687,Accepted,,,,,
25688,Accepted,,,,,
25689,Accepted,,,,,
25690,Accepted,,,,,
25691,Accepted,,,,,
25692,Accepted,,,,,
25693,Accepted,,,,,
25694,Accepted,,,,,
25695,Accepted,,,,,
25696,Accepted,,,,,
25697,Accepted,,,,,
25698,Accepted,,,,,
25699,Accepted,,,,,
25700,Accepted,,,,,
25701,Accepted,,,,,
25702,Accepted,,,,,
25703,Accepted,,,,,
25704,Accepted,,,,,
25705,Accepted,,,,,
25706,Accepted,,,,,
25707,Accepted,,,,,
25708,Accepted,,,,,
25709,Accepted,,,,,
25710,Accepted,,,,,
25711,Accepted,,,,,
25712,Accepted,,,,,
25713,Accepted,,,,,
25714,Accepted,,,,,
25715,Accepted,,,,,
25716,Accepted,,,,,
25717,Accepted,,,,,
25718,Accepted,,,,,
25719,Accepted,,,,,
25720,Accepted,,,,,
25721,Accepted,,,,,
25722,Accepted,,,,,
25723,Accepted,,,,,
25724,Accepted,,,,,
25725,Accepted,,,,,
25726,Accepted,,,,,
25727,Accepted,,,,,
25728,Accepted,,,,,
25729,Accepted,,,,,
25730,Accepted,,,,,
25731,Accepted,,,,,
25732,Accepted,,,,,
25733,Accepted,,,,,
25734,Accepted,,,,,
25735,Accepted,,,,,
25736,Accepted,,,,,
25737,Accepted,,,,,
25738,Accepted,,,,,
25739,Accepted,,,,,
25740,Accepted,,,,,
25741,Accepted,,,,,
25742,Accepted,,,,,
25743,Accepted,,,,,
25744,Accepted,,,,,
25745,Accepted,,,,,
25746,Accepted,,,,,
25747,Accepted,,,,,
25748,Accepted,,,,,
25749,Accepted,,,,,
25750,Accepted,,,,,
25751,Accepted,,,,,
25752,Accepted,,,,,
25753,Accepted,,,,,
25754,Accepted,,,,,
25755,Accepted,,,,,
25756,Accepted,,,,,
25757,Accepted,,,,,
25758,Accepted,,,,,
25759,Accepted,,,,,
25760,Accepted,,,,,
25761,Accepted,,,,,
25762,Accepted,,,,,
25763,Accepted,,,,,
25764,Accepted,,,,,
25765,Accepted,,,,,
25766,Accepted,,,,,
25767,Accepted,,,,,
25768,Accepted,,,,,
25769,Accepted,,,,,
25770,Accepted,,,,,
25771,Accepted,,,,,
25772,Accepted,,,,,
25773,Accepted,,,,,
25774,Accepted,,,,,
25775,Accepted,,,,,
25776,Accepted,,,,,
25777,Accepted,,,,,
25778,Accepted,,,,,
25779,Accepted,,,,,
25780,Accepted,,,,,
25781,Accepted,,,,,
25782,Accepted,,,,,
25783,Accepted,,,,,
25784,Accepted,,,,,
25785,Accepted,,,,,
25786,Accepted,,,,,
25787,Accepted,,,,,
25788,Accepted,,,,,
25789,Accepted,,,,,
25790,Accepted,,,,,
25791,Accepted,,,,,
25792,Accepted,,,,,
25793,Accepted,,,,,
25794,Accepted,,,,,
25795,Accepted,,,,,
25796,Accepted,,,,,
25797,Accepted,,,,,
25798,Accepted,,,,,
25799,Accepted,,,,,
25800,Accepted,,,,,
25801,Accepted,,,,,
25802,Accepted,,,,,
25803,Accepted,,,,,
25804,Accepted,,,,,
25805,Accepted,,,,,
25806,Accepted,,,,,
25807,Accepted,,,,,
25808,Accepted,,,,,
25809,Accepted,,,,,
25810,Accepted,,,,,
25811,Accepted,,,,,
25812,Accepted,,,,,
25813,Accepted,,,,,
25814,Accepted,,,,,
25815,Accepted,,,,,
25816,Accepted,,,,,
25817,Accepted,,,,,
25818,Accepted,,,,,
25819,Accepted,,,,,
25820,Accepted,,,,,
25821,Accepted,,,,,
25822,Accepted,,,,,
25823,Accepted,,,,,
25824,Accepted,,,,,
25825,Accepted,,,,,
25826,Accepted,,,,,
25827,Accepted,,,,,
25828,Accepted,,,,,
25829,Accepted,,,,,
25830,Accepted,,,,,
25831,Accepted,,,,,
25832,Accepted,,,,,
25833,Accepted,,,,,
25834,Accepted,,,,,
25835,Accepted,,,,,
25836,Accepted,,,,,
25837,Accepted,,,,,
25838,Accepted,,,,,
25839,Accepted,,,,,
25840,Accepted,,,,,
25841,Accepted,,,,,
25842,Accepted,,,,,
25843,Accepted,,,,,
25844,Accepted,,,,,
25845,Accepted,,,,,
25846,Accepted,,,,,
25847,Accepted,,,,,
25848,Accepted,,,,,
25849,Accepted,,,,,
25850,Accepted,,,,,
25851,Accepted,,,,,
25852,Accepted,,,,,
25853,Accepted,,,,,
25854,Accepted,,,,,
25855,Accepted,,,,,
25856,Accepted,,,,,
25857,Accepted,,,,,
25858,Accepted,,,,,
25859,Accepted,,,,,
25860,Accepted,,,,,
25861,Accepted,,,,,
25862,Accepted,,,,,
25863,Accepted,,,,,
25864,Accepted,,,,,
25865,Accepted,,,,,
25866,Accepted,,,,,
25867,Accepted,,,,,
25868,Accepted,,,,,
25869,Accepted,,,,,
25870,Accepted,,,,,
25871,Accepted,,,,,
25872,Accepted,,,,,
25873,Accepted,,,,,
25874,Accepted,,,,,
25875,Accepted,,,,,
25876,Accepted,,,,,
25877,Accepted,,,,,
25878,Accepted,,,,,
25879,Accepted,,,,,
25880,Accepted,,,,,
25881,Accepted,,,,,
25882,Accepted,,,,,
25883,Accepted,,,,,
25884,Accepted,,,,,
25885,Accepted,,,,,
25886,Accepted,,,,,
25887,Accepted,,,,,
25888,Accepted,,,,,
25889,Accepted,,,,,
25890,Accepted,,,,,
25891,Accepted,,,,,
25892,Accepted,,,,,
25893,Accepted,,,,,
25894,Accepted,,,,,
25895,Accepted,,,,,
25896,Accepted,,,,,
25897,Accepted,,,,,
25898,Accepted,,,,,
25899,Accepted,,,,,
25900,Accepted,,,,,
25901,Accepted,,,,,
25902,Accepted,,,,,
25903,Accepted,,,,,
25904,Accepted,,,,,
25905,Accepted,,,,,
25906,Accepted,,,,,
25907,Accepted,,,,,
25908,Accepted,,,,,
25909,Accepted,,,,,
25910,Accepted,,,,,
25911,Accepted,,,,,
25912,Accepted,,,,,
25913,Accepted,,,,,
25914,Accepted,,,,,
25915,Accepted,,,,,
25916,Accepted,,,,,
25917,Accepted,,,,,
25918,Accepted,,,,,
25919,Accepted,,,,,
25920,Accepted,,,,,
25921,Accepted,,,,,
25922,Accepted,,,,,
25923,Accepted,,,,,
25924,Accepted,,,,,
25925,Accepted,,,,,
25926,Accepted,,,,,
25927,Accepted,,,,,
25928,Accepted,,,,,
25929,Accepted,,,,,
25930,Accepted,,,,,
25931,Accepted,,,,,
25932,Accepted,,,,,
25933,Accepted,,,,,
25934,Accepted,,,,,
25935,Accepted,,,,,
25936,Accepted,,,,,
25937,Accepted,,,,,
25938,Accepted,,,,,
25939,Accepted,,,,,
25940,Accepted,,,,,
25941,Accepted,,,,,
25942,Accepted,,,,,
25943,Accepted,,,,,
25944,Accepted,,,,,
25945,Accepted,,,,,
25946,Accepted,,,,,
25947,Accepted,,,,,
25948,Accepted,,,,,
25949,Accepted,,,,,
25950,Accepted,,,,,
25951,Accepted,,,,,
25952,Accepted,,,,,
25953,Accepted,,,,,
25954,Accepted,,,,,
25955,Accepted,,,,,
25956,Accepted,,,,,
25957,Accepted,,,,,
25958,Accepted,,,,,
25959,Accepted,,,,,
25960,Accepted,,,,,
25961,Accepted,,,,,
25962,Accepted,,,,,
25963,Accepted,,,,,
25964,Accepted,,,,,
25965,Accepted,,,,,
25966,Accepted,,,,,
25967,Accepted,,,,,
25968,Accepted,,,,,
25969,Accepted,,,,,
25970,Accepted,,,,,
25971,Accepted,,,,,
25972,Accepted,,,,,
25973,Accepted,,,,,
25974,Accepted,,,,,
25975,Accepted,,,,,
25976,Accepted,,,,,
25977,Accepted,,,,,
25978,Accepted,,,,,
25979,Accepted,,,,,
25980,Accepted,,,,,
25981,Accepted,,,,,
25982,Accepted,,,,,
25983,Accepted,,,,,
25984,Accepted,,,,,
25985,Accepted,,,,,
25986,Accepted,,,,,
25987,Accepted,,,,,
25988,Accepted,,,,,
25989,Accepted,,,,,
25990,Accepted,,,,,
25991,Accepted,,,,,
25992,Accepted,,,,,
25993,Accepted,,,,,
25994,Accepted,,,,,
25995,Accepted,,,,,
25996,Accepted,,,,,
25997,Accepted,,,,,
25998,Accepted,,,,,
25999,Accepted,,,,,
26000,Accepted,,,,,
26001,Accepted,,,,,
26002,Accepted,,,,,
26003,Accepted,,,,,
26004,Accepted,,,,,
26005,Accepted,,,,,
26006,Accepted,,,,,
26007,Accepted,,,,,
26008,Accepted,,,,,
26009,Accepted,,,,,
26010,Accepted,,,,,
26011,Accepted,,,,,
26012,Accepted,,,,,
26013,Accepted,,,,,
26014,Accepted,,,,,
26015,Accepted,,,,,
26016,Accepted,,,,,
26017,Accepted,,,,,
26018,Accepted,,,,,
26019,Accepted,,,,,
26020,Accepted,,,,,
26021,Accepted,,,,,
26022,Accepted,,,,,
26023,Accepted,,,,,
26024,Accepted,,,,,
26025,Accepted,,,,,
26026,Accepted,,,,,
26027,Accepted,,,,,
26028,Accepted,,,,,
26029,Accepted,,,,,
26030,Accepted,,,,,
26031,Accepted,,,,,
26032,Accepted,,,,,
26033,Accepted,,,,,
26034,Accepted,,,,,
26035,Accepted,,,,,
26036,Accepted,,,,,
26037,Accepted,,,,,
26038,Accepted,,,,,
26039,Accepted,,,,,
26040,Accepted,,,,,
26041,Accepted,,,,,
26042,Accepted,,,,,
26043,Accepted,,,,,
26044,Accepted,,,,,
26045,Accepted,,,,,
26046,Accepted,,,,,
26047,Accepted,,,,,
26048,Accepted,,,,,
26049,Accepted,,,,,
26050,Accepted,,,,,
26051,Accepted,,,,,
26052,Accepted,,,,,
26053,Accepted,ID,ID-02-FMT,IdNumber,"ID number format is invalid for the specified ID type. Check the format requirements for PAN, Aadhaar, or Passport as applicable.",RejectSegment
26054,Accepted,,,,,
26055,Accepted,,,,,
26056,Accepted,,,,,
26057,Accepted,,,,,
26058,Accepted,,,,,
26059,Accepted,,,,,
26060,Accepted,,,,,
26061,Accepted,,,,,
26062,Accepted,,,,,
26063,Accepted,,,,,
26064,Accepted,,,,,
26065,Accepted,,,,,
26066,Accepted,,,,,
26067,Accepted,,,,,
26068,Accepted,,,,,
26069,Accepted,,,,,
26070,Accepted,,,,,
26071,Accepted,,,,,
26072,Accepted,,,,,
26073,Accepted,,,,,
26074,Accepted,,,,,
26075,Accepted,,,,,
26076,Accepted,,,,,
26077,Accepted,,,,,
26078,Accepted,,,,,
26079,Accepted,,,,,
26080,Accepted,,,,,
26081,Accepted,,,,,
26082,Accepted,,,,,
26083,Accepted,,,,,
26084,Accepted,,,,,
26085,Accepted,,,,,
26086,Accepted,,,,,
26087,Accepted,,,,,
26088,Accepted,,,,,
26089,Accepted,,,,,
26090,Accepted,,,,,
26091,Accepted,,,,,
26092,Accepted,,,,,
26093,Accepted,,,,,
26094,Accepted,,,,,
26095,Accepted,,,,,
26096,Accepted,,,,,
26097,Accepted,,,,,
26098,Accepted,,,,,
26099,Accepted,,,,,
26100,Accepted,,,,,
26101,Accepted,,,,,
26102,Accepted,,,,,
26103,Accepted,,,,,
26104,Accepted,,,,,
26105,Accepted,,,,,
26106,Accepted,,,,,
26107,Accepted,,,,,
26108,Accepted,,,,,
26109,Accepted,,,,,
26110,Accepted,,,,,
26111,Accepted,,,,,
26112,Accepted,,,,,
26113,Accepted,,,,,
26114,Accepted,,,,,
26115,Accepted,,,,,
26116,Accepted,,,,,
26117,Accepted,,,,,
26118,Accepted,,,,,
26119,Accepted,,,,,
26120,Accepted,,,,,
26121,Accepted,,,,,
26122,Accepted,,,,,
26123,Accepted,,,,,
26124,Accepted,,,,,
26125,Accepted,,,,,
26126,Accepted,,,,,
26127,Accepted,,,,,
26128,Accepted,,,,,
26129,Accepted,,,,,
26130,Accepted,,,,,
26131,Accepted,,,,,
26132,Accepted,,,,,
26133,Accepted,,,,,
26134,Accepted,,,,,
26135,Accepted,,,,,
26136,Accepted,,,,,
26137,Accepted,,,,,
26138,Accepted,,,,,
26139,Accepted,,,,,
26140,Accepted,,,,,
26141,Accepted,,,,,
26142,Accepted,,,,,
26143,Accepted,,,,,
26144,Accepted,,,,,
26145,Accepted,,,,,
26146,Accepted,,,,,
26147,Accepted,,,,,
26148,Accepted,,,,,
26149,Accepted,,,,,
26150,Accepted,,,,,
26151,Accepted,,,,,
26152,Accepted,,,,,
26153,Accepted,,,,,
26154,Accepted,,,,,
26155,Accepted,,,,,
26156,Accepted,,,,,
26157,Accepted,,,,,
26158,Accepted,,,,,
26159,Accepted,,,,,
26160,Accepted,,,,,
26161,Accepted,,,,,
26162,Accepted,,,,,
26163,Accepted,,,,,
26164,Accepted,,,,,
26165,Accepted,,,,,
26166,Accepted,,,,,
26167,Accepted,,,,,
26168,Accepted,,,,,
26169,Accepted,,,,,
26170,Accepted,,,,,
26171,Accepted,,,,,
26172,Accepted,,,,,
26173,Accepted,,,,,
26174,Accepted,,,,,
26175,Accepted,,,,,
26176,Accepted,,,,,
26177,Accepted,,,,,
26178,Accepted,,,,,
26179,Accepted,,,,,
26180,Accepted,,,,,
26181,Accepted,,,,,
26182,Accepted,,,,,
26183,Accepted,,,,,
26184,Accepted,,,,,
26185,Accepted,,,,,
26186,Accepted,,,,,
26187,Accepted,,,,,
26188,Accepted,,,,,
26189,Accepted,,,,,
26190,Accepted,,,,,
26191,Accepted,,,,,
26192,Accepted,,,,,
26193,Accepted,,,,,
26194,Accepted,,,,,
26195,Accepted,,,,,
26196,Accepted,,,,,
26197,Accepted,,,,,
26198,Accepted,,,,,
26199,Accepted,,,,,
26200,Accepted,,,,,
26201,Accepted,,,,,
26202,Accepted,,,,,
26203,Accepted,,,,,
26204,Accepted,,,,,
26205,Accepted,,,,,
26206,Accepted,,,,,
26207,Accepted,,,,,
26208,Accepted,,,,,
26209,Accepted,,,,,
26210,Accepted,,,,,
26211,Accepted,,,,,
26212,Accepted,,,,,
26213,Accepted,,,,,
26214,Accepted,,,,,
26215,Accepted,,,,,
26216,Accepted,,,,,
26217,Accepted,,,,,
26218,Accepted,,,,,
26219,Accepted,,,,,
26220,Accepted,,,,,
26221,Accepted,,,,,
26222,Accepted,,,,,
26223,Accepted,,,,,
26224,Accepted,,,,,
26225,Accepted,,,,,
26226,Accepted,,,,,
26227,Accepted,,,,,
26228,Accepted,,,,,
26229,Accepted,,,,,
26230,Accepted,,,,,
26231,Accepted,,,,,
26232,Accepted,,,,,
26233,Accepted,,,,,
26234,Accepted,,,,,
26235,Accepted,,,,,
26236,Accepted,,,,,
26237,Accepted,,,,,
26238,Accepted,,,,,
26239,Accepted,,,,,
26240,Accepted,,,,,
26241,Accepted,,,,,
26242,Accepted,,,,,
26243,Accepted,,,,,
26244,Accepted,,,,,
26245,Accepted,,,,,
26246,Accepted,,,,,
26247,Accepted,,,,,
26248,Accepted,,,,,
26249,Accepted,,,,,
26250,Accepted,,,,,
26251,Accepted,,,,,
26252,Accepted,,,,,
26253,Accepted,,,,,
26254,Accepted,,,,,
26255,Accepted,,,,,
26256,Accepted,,,,,
26257,Accepted,,,,,
26258,Accepted,,,,,
26259,Accepted,,,,,
26260,Accepted,,,,,
26261,Accepted,,,,,
26262,Accepted,,,,,
26263,Accepted,,,,,
26264,Accepted,,,,,
26265,Accepted,,,,,
26266,Accepted,,,,,
26267,Accepted,,,,,
26268,Accepted,,,,,
26269,Accepted,,,,,
26270,Accepted,,,,,
26271,Accepted,,,,,
26272,Accepted,,,,,
26273,Accepted,,,,,
26274,Accepted,,,,,
26275,Accepted,,,,,
26276,Accepted,,,,,
26277,Accepted,,,,,
26278,Accepted,,,,,
26279,Accepted,,,,,
26280,Accepted,,,,,
26281,Accepted,,,,,
26282,Accepted,,,,,
26283,Accepted,,,,,
26284,Accepted,,,,,
26285,Accepted,,,,,
26286,Accepted,,,,,
26287,Accepted,,,,,
26288,Accepted,,,,,
26289,Accepted,,,,,
26290,Accepted,,,,,
26291,Accepted,,,,,
26292,Accepted,,,,,
26293,Accepted,,,,,
26294,Accepted,,,,,
26295,Accepted,,,,,
26296,Accepted,,,,,
26297,Accepted,,,,,
26298,Accepted,,,,,
26299,Accepted,,,,,
26300,Accepted,,,,,
26301,Accepted,,,,,
26302,Accepted,,,,,
26303,Accepted,,,,,
26304,Accepted,,,,,
26305,Accepted,,,,,
26306,Accepted,,,,,
26307,Accepted,,,,,
26308,Accepted,,,,,
26309,Accepted,,,,,
26310,Accepted,,,,,
26311,Accepted,,,,,
26312,Accepted,,,,,
26313,Accepted,,,,,
26314,Accepted,,,,,
26315,Accepted,,,,,
26316,Accepted,,,,,
26317,Accepted,,,,,
26318,Accepted,,,,,
26319,Accepted,,,,,
26320,Accepted,,,,,
26321,Accepted,,,,,
26322,Accepted,,,,,
26323,Accepted,,,,,
26324,Accepted,,,,,
26325,Accepted,,,,,
26326,Accepted,,,,,
26327,Accepted,,,,,
26328,Accepted,,,,,
26329,Accepted,,,,,
26330,Accepted,,,,,
26331,Accepted,,,,,
26332,Accepted,,,,,
26333,Accepted,,,,,
26334,Accepted,,,,,
26335,Accepted,,,,,
26336,Accepted,,,,,
26337,Accepted,,,,,
26338,Accepted,,,,,
26339,Accepted,,,,,
26340,Accepted,,,,,
26341,Accepted,,,,,
26342,Accepted,,,,,
26343,Accepted,,,,,
26344,Accepted,,,,,
26345,Accepted,,,,,
26346,Accepted,,,,,
26347,Accepted,,,,,
26348,Accepted,,,,,
26349,Accepted,,,,,
26350,Accepted,,,,,
26351,Accepted,,,,,
26352,Accepted,,,,,
26353,Accepted,,,,,
26354,Accepted,,,,,
26355,Accepted,,,,,
26356,Accepted,,,,,
26357,Accepted,,,,,
26358,Accepted,,,,,
26359,Accepted,,,,,
26360,Accepted,,,,,
26361,Accepted,,,,,
26362,Accepted,,,,,
26363,Accepted,,,,,
26364,Accepted,,,,,
26365,Accepted,,,,,
26366,Accepted,,,,,
26367,Accepted,,,,,
26368,Accepted,,,,,
26369,Accepted,,,,,
26370,Accepted,,,,,
26371,Accepted,,,,,
26372,Accepted,,,,,
26373,Accepted,,,,,
26374,Accepted,,,,,
26375,Accepted,,,,,
26376,Accepted,,,,,
26377,Accepted,,,,,
26378,Accepted,,,,,
26379,Accepted,,,,,
26380,Accepted,,,,,
26381,Accepted,,,,,
26382,Accepted,,,,,
26383,Accepted,,,,,
26384,Accepted,,,,,
26385,Accepted,,,,,
26386,Accepted,,,,,
26387,Accepted,,,,,
26388,Accepted,,,,,
26389,Accepted,,,,,
26390,Accepted,,,,,
26391,Accepted,,,,,
26392,Accepted,,,,,
26393,Accepted,,,,,
26394,Accepted,,,,,
26395,Accepted,,,,,
26396,Accepted,,,,,
26397,Accepted,,,,,
26398,Accepted,,,,,
26399,Accepted,,,,,
26400,Accepted,,,,,
26401,Accepted,,,,,
26402,Accepted,,,,,
26403,Accepted,,,,,
26404,Accepted,,,,,
26405,Accepted,,,,,
26406,Accepted,,,,,
26407,Accepted,,,,,
26408,Accepted,,,,,
26409,Accepted,,,,,
26410,Accepted,,,,,
26411,Accepted,,,,,
26412,Accepted,,,,,
26413,Accepted,,,,,
26414,Accepted,,,,,
26415,Accepted,,,,,
26416,Accepted,,,,,
26417,Accepted,,,,,
26418,Accepted,,,,,
26419,Accepted,,,,,
26420,Accepted,,,,,
26421,Accepted,,,,,
26422,Accepted,,,,,
26423,Accepted,,,,,
26424,Accepted,,,,,
26425,Accepted,,,,,
26426,Accepted,,,,,
26427,Accepted,,,,,
26428,Accepted,,,,,
26429,Accepted,,,,,
26430,Accepted,,,,,
26431,Accepted,,,,,
26432,Accepted,,,,,
26433,Accepted,,,,,
26434,Accepted,,,,,
26435,Accepted,,,,,
26436,Accepted,,,,,
26437,Accepted,,,,,
26438,Accepted,,,,,
26439,Accepted,,,,,
26440,Accepted,,,,,
26441,Accepted,,,,,
26442,Accepted,,,,,
26443,Accepted,,,,,
26444,Accepted,,,,,
26445,Accepted,,,,,
26446,Accepted,,,,,
26447,Accepted,,,,,
26448,Accepted,,,,,
26449,Accepted,,,,,
26450,Accepted,,,,,
26451,Accepted,,,,,
26452,Accepted,,,,,
26453,Accepted,,,,,
26454,Accepted,,,,,
26455,Accepted,,,,,
26456,Accepted,,,,,
26457,Accepted,,,,,
26458,Accepted,,,,,
26459,Accepted,,,,,
26460,Accepted,,,,,
26461,Accepted,,,,,
26462,Accepted,,,,,
26463,Accepted,,,,,
26464,Accepted,,,,,
26465,Accepted,,,,,
26466,Accepted,,,,,
26467,Accepted,,,,,
26468,Accepted,,,,,
26469,Accepted,,,,,
26470,Accepted,,,,,
26471,Accepted,,,,,
26472,Accepted,,,,,
26473,Accepted,,,,,
26474,Accepted,,,,,
26475,Accepted,,,,,
26476,Accepted,,,,,
26477,Accepted,,,,,
26478,Accepted,,,,,
26479,Accepted,,,,,
26480,Accepted,,,,,
26481,Accepted,,,,,
26482,Accepted,,,,,
26483,Accepted,,,,,
26484,Accepted,,,,,
26485,Accepted,,,,,
26486,Accepted,,,,,
26487,Accepted,,,,,
26488,Accepted,,,,,
26489,Accepted,,,,,
26490,Accepted,,,,,
26491,Accepted,,,,,
26492,Accepted,,,,,
26493,Accepted,,,,,
26494,Accepted,,,,,
26495,Accepted,,,,,
26496,Accepted,,,,,
26497,Accepted,,,,,
26498,Accepted,,,,,
26499,Accepted,,,,,
26500,Accepted,,,,,
26501,Accepted,,,,,
26502,Accepted,,,,,
26503,Accepted,,,,,
26504,Accepted,,,,,
26505,Accepted,,,,,
26506,Accepted,,,,,
26507,Accepted,,,,,
26508,Accepted,,,,,
26509,Accepted,,,,,
26510,Accepted,,,,,
26511,Accepted,,,,,
26512,Accepted,,,,,
26513,Accepted,,,,,
26514,Accepted,,,,,
26515,Accepted,,,,,
26516,Accepted,,,,,
26517,Accepted,,,,,
26518,Accepted,,,,,
26519,Accepted,,,,,
26520,Accepted,,,,,
26521,Accepted,,,,,
26522,Accepted,,,,,
26523,Accepted,,,,,
26524,Accepted,,,,,
26525,Accepted,,,,,
26526,Accepted,,,,,
26527,Accepted,,,,,
26528,Accepted,,,,,
26529,Accepted,,,,,
26530,Accepted,,,,,
26531,Accepted,,,,,
26532,Accepted,,,,,
26533,Accepted,,,,,
26534,Accepted,,,,,
26535,Accepted,,,,,
26536,Accepted,,,,,
26537,Accepted,,,,,
26538,Accepted,,,,,
26539,Accepted,,,,,
26540,Accepted,,,,,
26541,Accepted,,,,,
26542,Accepted,,,,,
26543,Accepted,,,,,
26544,Accepted,,,,,
26545,Accepted,,,,,
26546,Accepted,,,,,
26547,Accepted,,,,,
26548,Accepted,,,,,
26549,Accepted,,,,,
26550,Accepted,,,,,
26551,Accepted,,,,,
26552,Accepted,,,,,
26553,Accepted,,,,,
26554,Accepted,,,,,
26555,Accepted,,,,,
26556,Accepted,,,,,
26557,Accepted,,,,,
26558,Accepted,,,,,
26559,Accepted,,,,,
26560,Accepted,,,,,
26561,Accepted,,,,,
26562,Accepted,,,,,
26563,Accepted,,,,,
26564,Accepted,,,,,
26565,Accepted,,,,,
26566,Accepted,,,,,
26567,Accepted,,,,,
26568,Accepted,,,,,
26569,Accepted,,,,,
26570,Accepted,,,,,
26571,Accepted,,,,,
26572,Accepted,,,,,
26573,Accepted,,,,,
26574,Accepted,,,,,
26575,Accepted,,,,,
26576,Accepted,,,,,
26577,Accepted,,,,,
26578,Accepted,,,,,
26579,Accepted,,,,,
26580,Accepted,,,,,
26581,Accepted,,,,,
26582,Accepted,,,,,
26583,Accepted,,,,,
26584,Accepted,,,,,
26585,Accepted,,,,,
26586,Accepted,,,,,
26587,Accepted,,,,,
26588,Accepted,,,,,
26589,Accepted,,,,,
26590,Accepted,,,,,
26591,Accepted,,,,,
26592,Accepted,,,,,
26593,Accepted,,,,,
26594,Accepted,,,,,
26595,Accepted,,,,,
26596,Accepted,,,,,
26597,Accepted,,,,,
26598,Accepted,,,,,
26599,Accepted,,,,,
26600,Accepted,,,,,
26601,Accepted,,,,,
26602,Accepted,,,,,
26603,Accepted,,,,,
26604,Accepted,,,,,
26605,Accepted,,,,,
26606,Accepted,,,,,
26607,Accepted,,,,,
26608,Accepted,,,,,
26609,Accepted,,,,,
26610,Accepted,,,,,
26611,Accepted,,,,,
26612,Accepted,,,,,
26613,Accepted,,,,,
26614,Accepted,,,,,
26615,Accepted,,,,,
26616,Accepted,,,,,
26617,Accepted,,,,,
26618,Accepted,,,,,
26619,Accepted,,,,,
26620,Accepted,,,,,
26621,Accepted,,,,,
26622,Accepted,,,,,
26623,Accepted,,,,,
26624,Accepted,,,,,
26625,Accepted,,,,,
26626,Accepted,,,,,
26627,Accepted,,,,,
26628,Accepted,,,,,
26629,Accepted,,,,,
26630,Accepted,,,,,
26631,Accepted,,,,,
26632,Accepted,,,,,
26633,Accepted,,,,,
26634,Accepted,,,,,
26635,Accepted,,,,,
26636,Accepted,,,,,
26637,Accepted,,,,,
26638,Accepted,,,,,
26639,Accepted,,,,,
26640,Accepted,,,,,
26641,Accepted,,,,,
26642,Accepted,,,,,
26643,Accepted,,,,,
26644,Accepted,,,,,
26645,Accepted,,,,,
26646,Accepted,,,,,
26647,Accepted,,,,,
26648,Accepted,,,,,
26649,Accepted,,,,,
26650,Accepted,,,,,
26651,Accepted,,,,,
26652,Accepted,,,,,
26653,Accepted,,,,,
26654,Accepted,,,,,
26655,Accepted,,,,,
26656,Accepted,,,,,
26657,Accepted,,,,,
26658,Accepted,,,,,
26659,Accepted,,,,,
26660,Accepted,,,,,
26661,Accepted,,,,,
26662,Accepted,,,,,
26663,Accepted,,,,,
26664,Accepted,,,,,
26665,Accepted,,,,,
26666,Accepted,,,,,
26667,Accepted,,,,,
26668,Accepted,,,,,
26669,Accepted,,,,,
26670,Accepted,,,,,
26671,Accepted,,,,,
26672,Accepted,,,,,
26673,Accepted,,,,,
26674,Accepted,,,,,
26675,Accepted,,,,,
26676,Accepted,,,,,
26677,Accepted,,,,,
26678,Accepted,,,,,
26679,Accepted,,,,,
26680,Accepted,,,,,
26681,Accepted,,,,,
26682,Accepted,,,,,
26683,Accepted,,,,,
26684,Accepted,,,,,
26685,Accepted,,,,,
26686,Accepted,,,,,
26687,Accepted,,,,,
26688,Accepted,,,,,
26689,Accepted,,,,,
26690,Accepted,,,,,
26691,Accepted,,,,,
26692,Accepted,,,,,
26693,Accepted,,,,,
26694,Accepted,,,,,
26695,Accepted,,,,,
26696,Accepted,,,,,
26697,Accepted,,,,,
26698,Accepted,,,,,
26699,Accepted,,,,,
26700,Accepted,,,,,
26701,Accepted,,,,,
26702,Accepted,,,,,
26703,Accepted,,,,,
26704,Accepted,,,,,
26705,Accepted,,,,,
26706,Accepted,,,,,
26707,Accepted,,,,,
26708,Accepted,,,,,
26709,Accepted,,,,,
26710,Accepted,,,,,
26711,Accepted,,,,,
26712,Accepted,,,,,
26713,Accepted,,,,,
26714,Accepted,,,,,
26715,Accepted,,,,,
26716,Accepted,,,,,
26717,Accepted,,,,,
26718,Accepted,,,,,
26719,Accepted,,,,,
26720,Accepted,,,,,
26721,Accepted,,,,,
26722,Accepted,,,,,
26723,Accepted,,,,,
26724,Accepted,,,,,
26725,Accepted,,,,,
26726,Accepted,,,,,
26727,Accepted,,,,,
26728,Accepted,,,,,
26729,Accepted,,,,,
26730,Accepted,,,,,
26731,Accepted,,,,,
26732,Accepted,,,,,
26733,Accepted,,,,,
26734,Accepted,,,,,
26735,Accepted,,,,,
26736,Accepted,,,,,
26737,Accepted,,,,,
26738,Accepted,,,,,
26739,Accepted,,,,,
26740,Accepted,,,,,
26741,Accepted,,,,,
26742,Accepted,,,,,
26743,Accepted,,,,,
26744,Accepted,,,,,
26745,Accepted,,,,,
26746,Accepted,,,,,
26747,Accepted,,,,,
26748,Accepted,,,,,
26749,Accepted,,,,,
26750,Accepted,,,,,
26751,Accepted,,,,,
26752,Accepted,,,,,
26753,Accepted,,,,,
26754,Accepted,,,,,
26755,Accepted,,,,,
26756,Accepted,,,,,
26757,Accepted,,,,,
26758,Accepted,,,,,
26759,Accepted,,,,,
26760,Accepted,,,,,
26761,Accepted,,,,,
26762,Accepted,,,,,
26763,Accepted,,,,,
26764,Accepted,,,,,
26765,Accepted,,,,,
26766,Accepted,,,,,
26767,Accepted,,,,,
26768,Accepted,,,,,
26769,Accepted,,,,,
26770,Accepted,,,,,
26771,Accepted,,,,,
26772,Accepted,,,,,
26773,Accepted,,,,,
26774,Accepted,,,,,
26775,Accepted,,,,,
26776,Accepted,,,,,
26777,Accepted,,,,,
26778,Accepted,,,,,
26779,Accepted,,,,,
26780,Accepted,,,,,
26781,Accepted,,,,,
26782,Accepted,,,,,
26783,Accepted,,,,,
26784,Accepted,,,,,
26785,Accepted,,,,,
26786,Accepted,,,,,
26787,Accepted,,,,,
26788,Accepted,,,,,
26789,Accepted,,,,,
26790,Accepted,,,,,
26791,Accepted,,,,,
26792,Accepted,,,,,
26793,Accepted,,,,,
26794,Accepted,,,,,
26795,Accepted,,,,,
26796,Accepted,,,,,
26797,Accepted,,,,,
26798,Accepted,,,,,
26799,Accepted,,,,,
26800,Accepted,,,,,
26801,Accepted,,,,,
26802,Accepted,,,,,
26803,Accepted,,,,,
26804,Accepted,,,,,
26805,Accepted,,,,,
26806,Accepted,,,,,
26807,Accepted,,,,,
26808,Accepted,,,,,
26809,Accepted,,,,,
26810,Accepted,,,,,
26811,Accepted,,,,,
26812,Accepted,,,,,
26813,Accepted,,,,,
26814,Accepted,,,,,
26815,Accepted,,,,,
26816,Accepted,,,,,
26817,Accepted,,,,,
26818,Accepted,,,,,
26819,Accepted,,,,,
26820,Accepted,,,,,
26821,Accepted,,,,,
26822,Accepted,,,,,
26823,Accepted,,,,,
26824,Accepted,,,,,
26825,Accepted,,,,,
26826,Accepted,,,,,
26827,Accepted,,,,,
26828,Accepted,,,,,
26829,Accepted,,,,,
26830,Accepted,,,,,
26831,Accepted,,,,,
26832,Accepted,,,,,
26833,Accepted,,,,,
26834,Accepted,,,,,
26835,Accepted,,,,,
26836,Accepted,,,,,
26837,Accepted,,,,,
26838,Accepted,,,,,
26839,Accepted,,,,,
26840,Accepted,,,,,
26841,Accepted,,,,,
26842,Accepted,,,,,
26843,Accepted,,,,,
26844,Accepted,,,,,
26845,Accepted,,,,,
26846,Accepted,,,,,
26847,Accepted,,,,,
26848,Accepted,,,,,
26849,Accepted,,,,,
26850,Accepted,,,,,
26851,Accepted,,,,,
26852,Accepted,,,,,
26853,Accepted,,,,,
26854,Accepted,,,,,
26855,Accepted,,,,,
26856,Accepted,,,,,
26857,Accepted,,,,,
26858,Accepted,,,,,
26859,Accepted,,,,,
26860,Accepted,,,,,
26861,Accepted,,,,,
26862,Accepted,,,,,
26863,Accepted,,,,,
26864,Accepted,,,,,
26865,Accepted,,,,,
26866,Accepted,,,,,
26867,Accepted,,,,,
26868,Accepted,,,,,
26869,Accepted,,,,,
26870,Accepted,,,,,
26871,Accepted,,,,,
26872,Accepted,,,,,
26873,Accepted,,,,,
26874,Accepted,,,,,
26875,Accepted,,,,,
26876,Accepted,,,,,
26877,Accepted,,,,,
26878,Accepted,,,,,
26879,Accepted,,,,,
26880,Accepted,,,,,
26881,Accepted,,,,,
26882,Accepted,,,,,
26883,Accepted,,,,,
26884,Accepted,,,,,
26885,Accepted,,,,,
26886,Accepted,,,,,
26887,Accepted,,,,,
26888,Accepted,,,,,
26889,Accepted,,,,,
26890,Accepted,,,,,
26891,Accepted,,,,,
26892,Accepted,,,,,
26893,Accepted,,,,,
26894,Accepted,,,,,
26895,Accepted,,,,,
26896,Accepted,,,,,
26897,Accepted,,,,,
26898,Accepted,,,,,
26899,Accepted,,,,,
26900,Accepted,,,,,
26901,Accepted,,,,,
26902,Accepted,,,,,
26903,Accepted,,,,,
26904,Accepted,,,,,
26905,Accepted,,,,,
26906,Accepted,,,,,
26907,Accepted,,,,,
26908,Accepted,,,,,
26909,Accepted,,,,,
26910,Accepted,,,,,
26911,Accepted,,,,,
26912,Accepted,,,,,
26913,Accepted,,,,,
26914,Accepted,,,,,
26915,Accepted,,,,,
26916,Accepted,,,,,
26917,Accepted,,,,,
26918,Accepted,,,,,
26919,Accepted,,,,,
26920,Accepted,,,,,
26921,Accepted,,,,,
26922,Accepted,,,,,
26923,Accepted,,,,,
26924,Accepted,,,,,
26925,Accepted,,,,,
26926,Accepted,,,,,
26927,Accepted,,,,,
26928,Accepted,,,,,
26929,Accepted,,,,,
26930,Accepted,,,,,
26931,Accepted,,,,,
26932,Accepted,,,,,
26933,Accepted,,,,,
26934,Accepted,,,,,
26935,Accepted,,,,,
26936,Accepted,,,,,
26937,Accepted,,,,,
26938,Accepted,,,,,
26939,Accepted,,,,,
26940,Accepted,,,,,
26941,Accepted,,,,,
26942,Accepted,,,,,
26943,Accepted,,,,,
26944,Accepted,,,,,
26945,Accepted,,,,,
26946,Accepted,,,,,
26947,Accepted,,,,,
26948,Accepted,,,,,
26949,Accepted,,,,,
26950,Accepted,,,,,
26951,Accepted,,,,,
26952,Accepted,,,,,
26953,Accepted,,,,,
26954,Accepted,,,,,
26955,Accepted,,,,,
26956,Accepted,,,,,
26957,Accepted,,,,,
26958,Accepted,,,,,
26959,Accepted,,,,,
26960,Accepted,,,,,
26961,Accepted,,,,,
26962,Accepted,,,,,
26963,Accepted,,,,,
26964,Accepted,,,,,
26965,Accepted,,,,,
26966,Accepted,,,,,
26967,Accepted,,,,,
26968,Accepted,,,,,
26969,Accepted,,,,,
26970,Accepted,,,,,
26971,Accepted,,,,,
26972,Accepted,,,,,
26973,Accepted,,,,,
26974,Accepted,,,,,
26975,Accepted,,,,,
26976,Accepted,,,,,
26977,Accepted,,,,,
26978,Accepted,,,,,
26979,Accepted,,,,,
26980,Accepted,,,,,
26981,Accepted,,,,,
26982,Accepted,,,,,
26983,Accepted,,,,,
26984,Accepted,,,,,
26985,Accepted,,,,,
26986,Accepted,,,,,
26987,Accepted,,,,,
26988,Accepted,,,,,
26989,Accepted,,,,,
26990,Accepted,,,,,
26991,Accepted,,,,,
26992,Accepted,,,,,
26993,Accepted,,,,,
26994,Accepted,,,,,
26995,Accepted,,,,,
26996,Accepted,,,,,
26997,Accepted,,,,,
26998,Accepted,,,,,
26999,Accepted,,,,,
27000,Accepted,,,,,
27001,Accepted,,,,,
27002,Accepted,,,,,
27003,Accepted,,,,,
27004,Accepted,,,,,
27005,Accepted,,,,,
27006,Accepted,,,,,
27007,Accepted,,,,,
27008,Accepted,,,,,
27009,Accepted,,,,,
27010,Accepted,,,,,
27011,Accepted,,,,,
27012,Accepted,,,,,
27013,Accepted,,,,,
27014,Accepted,,,,,
27015,Accepted,,,,,
27016,Accepted,,,,,
27017,Accepted,,,,,
27018,Accepted,,,,,
27019,Accepted,,,,,
27020,Accepted,,,,,
27021,Accepted,,,,,
27022,Accepted,,,,,
27023,Accepted,,,,,
27024,Accepted,,,,,
27025,Accepted,,,,,
27026,Accepted,,,,,
27027,Accepted,,,,,
27028,Accepted,,,,,
27029,Accepted,,,,,
27030,Accepted,,,,,
27031,Accepted,,,,,
27032,Accepted,,,,,
27033,Accepted,,,,,
27034,Accepted,,,,,
27035,Accepted,,,,,
27036,Accepted,,,,,
27037,Accepted,,,,,
27038,Accepted,,,,,
27039,Accepted,,,,,
27040,Accepted,,,,,
27041,Accepted,,,,,
27042,Accepted,,,,,
27043,Accepted,,,,,
27044,Accepted,,,,,
27045,Accepted,,,,,
27046,Accepted,,,,,
27047,Accepted,,,,,
27048,Accepted,,,,,
27049,Accepted,,,,,
27050,Accepted,,,,,
27051,Accepted,,,,,
27052,Accepted,,,,,
27053,Accepted,,,,,
27054,Accepted,,,,,
27055,Accepted,,,,,
27056,Accepted,,,,,
27057,Accepted,,,,,
27058,Accepted,,,,,
27059,Accepted,,,,,
27060,Accepted,,,,,
27061,Accepted,,,,,
27062,Accepted,,,,,
27063,Accepted,,,,,
27064,Accepted,,,,,
27065,Accepted,,,,,
27066,Accepted,,,,,
27067,Accepted,,,,,
27068,Accepted,,,,,
27069,Accepted,,,,,
27070,Accepted,,,,,
27071,Accepted,,,,,
27072,Accepted,,,,,
27073,Accepted,,,,,
27074,Accepted,,,,,
27075,Accepted,,,,,
27076,Accepted,,,,,
27077,Accepted,,,,,
27078,Accepted,,,,,
27079,Accepted,,,,,
27080,Accepted,,,,,
27081,Accepted,,,,,
27082,Accepted,,,,,
27083,Accepted,,,,,
27084,Accepted,,,,,
27085,Accepted,,,,,
27086,Accepted,,,,,
27087,Accepted,,,,,
27088,Accepted,,,,,
27089,Accepted,,,,,
27090,Accepted,,,,,
27091,Accepted,,,,,
27092,Accepted,,,,,
27093,Accepted,,,,,
27094,Accepted,,,,,
27095,Accepted,,,,,
27096,Accepted,,,,,
27097,Accepted,,,,,
27098,Accepted,,,,,
27099,Accepted,,,,,
27100,Accepted,,,,,
27101,Accepted,,,,,
27102,Accepted,,,,,
27103,Accepted,,,,,
27104,Accepted,,,,,
27105,Accepted,,,,,
27106,Accepted,,,,,
27107,Accepted,,,,,
27108,Accepted,,,,,
27109,Accepted,,,,,
27110,Accepted,,,,,
27111,Accepted,,,,,
27112,Accepted,,,,,
27113,Accepted,,,,,
27114,Accepted,,,,,
27115,Accepted,,,,,
27116,Accepted,,,,,
27117,Accepted,,,,,
27118,Accepted,,,,,
27119,Accepted,,,,,
27120,Accepted,,,,,
27121,Accepted,,,,,
27122,Accepted,,,,,
27123,Accepted,,,,,
27124,Accepted,,,,,
27125,Accepted,,,,,
27126,Accepted,,,,,
27127,Accepted,,,,,
27128,Accepted,,,,,
27129,Accepted,,,,,
27130,Accepted,,,,,
27131,Accepted,,,,,
27132,Accepted,,,,,
27133,Accepted,,,,,
27134,Accepted,,,,,
27135,Accepted,,,,,
27136,Accepted,,,,,
27137,Accepted,,,,,
27138,Accepted,,,,,
27139,Accepted,,,,,
27140,Accepted,,,,,
27141,Accepted,,,,,
27142,Accepted,,,,,
27143,Accepted,,,,,
27144,Accepted,,,,,
27145,Accepted,,,,,
27146,Accepted,,,,,
27147,Accepted,,,,,
27148,Accepted,,,,,
27149,Accepted,,,,,
27150,Accepted,,,,,
27151,Accepted,,,,,
27152,Accepted,,,,,
27153,Accepted,,,,,
27154,Accepted,,,,,
27155,Accepted,,,,,
27156,Accepted,,,,,
27157,Accepted,,,,,
27158,Accepted,,,,,
27159,Accepted,,,,,
27160,Accepted,,,,,
27161,Accepted,,,,,
27162,Accepted,,,,,
27163,Accepted,,,,,
27164,Accepted,,,,,
27165,Accepted,,,,,
27166,Accepted,,,,,
27167,Accepted,,,,,
27168,Accepted,,,,,
27169,Accepted,,,,,
27170,Accepted,,,,,
27171,Accepted,,,,,
27172,Accepted,,,,,
27173,Accepted,,,,,
27174,Accepted,,,,,
27175,Accepted,,,,,
27176,Accepted,,,,,
27177,Accepted,,,,,
27178,Accepted,,,,,
27179,Accepted,,,,,
27180,Accepted,,,,,
27181,Accepted,,,,,
27182,Accepted,,,,,
27183,Accepted,,,,,
27184,Accepted,,,,,
27185,Accepted,,,,,
27186,Accepted,,,,,
27187,Accepted,,,,,
27188,Accepted,,,,,
27189,Accepted,,,,,
27190,Accepted,,,,,
27191,Accepted,,,,,
27192,Accepted,,,,,
27193,Accepted,,,,,
27194,Accepted,,,,,
27195,Accepted,,,,,
27196,Accepted,,,,,
27197,Accepted,,,,,
27198,Accepted,,,,,
27199,Accepted,,,,,
27200,Accepted,,,,,
27201,Accepted,,,,,
27202,Accepted,,,,,
27203,Accepted,,,,,
27204,Accepted,,,,,
27205,Accepted,,,,,
27206,Accepted,,,,,
27207,Accepted,,,,,
27208,Accepted,,,,,
27209,Accepted,,,,,
27210,Accepted,,,,,
27211,Accepted,,,,,
27212,Accepted,,,,,
27213,Accepted,,,,,
27214,Accepted,,,,,
27215,Accepted,,,,,
27216,Accepted,,,,,
27217,Accepted,,,,,
27218,Accepted,,,,,
27219,Accepted,,,,,
27220,Accepted,,,,,
27221,Accepted,,,,,
27222,Accepted,,,,,
27223,Accepted,,,,,
27224,Accepted,,,,,
27225,Accepted,,,,,
27226,Accepted,,,,,
27227,Accepted,,,,,
27228,Accepted,,,,,
27229,Accepted,,,,,
27230,Accepted,,,,,
27231,Accepted,,,,,
27232,Accepted,,,,,
27233,Accepted,,,,,
27234,Accepted,,,,,
27235,Accepted,,,,,
27236,Accepted,,,,,
27237,Accepted,,,,,
27238,Accepted,,,,,
27239,Accepted,,,,,
27240,Accepted,,,,,
27241,Accepted,,,,,
27242,Accepted,,,,,
27243,Accepted,,,,,
27244,Accepted,,,,,
27245,Accepted,,,,,
27246,Accepted,,,,,
27247,Accepted,,,,,
27248,Accepted,,,,,
27249,Accepted,,,,,
27250,Accepted,,,,,
27251,Accepted,,,,,
27252,Accepted,,,,,
27253,Accepted,ID,ID-02-FMT,IdNumber,"ID number format is invalid for the specified ID type. Check the format requirements for PAN, Aadhaar, or Passport as applicable.",RejectSegment
27254,Accepted,,,,,
27255,Accepted,,,,,
27256,Accepted,,,,,
27257,Accepted,,,,,
27258,Accepted,,,,,
27259,Accepted,,,,,
27260,Accepted,,,,,
27261,Accepted,,,,,
27262,Accepted,,,,,
27263,Accepted,,,,,
27264,Accepted,,,,,
27265,Accepted,,,,,
27266,Accepted,,,,,
27267,Accepted,,,,,
27268,Accepted,,,,,
27269,Accepted,,,,,
27270,Accepted,,,,,
27271,Accepted,,,,,
27272,Accepted,,,,,
27273,Accepted,,,,,
27274,Accepted,,,,,
27275,Accepted,,,,,
27276,Accepted,,,,,
27277,Accepted,,,,,
27278,Accepted,,,,,
27279,Accepted,,,,,
27280,Accepted,,,,,
27281,Accepted,,,,,
27282,Accepted,,,,,
27283,Accepted,,,,,
27284,Accepted,,,,,
27285,Accepted,,,,,
27286,Accepted,,,,,
27287,Accepted,,,,,
27288,Accepted,,,,,
27289,Accepted,,,,,
27290,Accepted,,,,,
27291,Accepted,,,,,
27292,Accepted,,,,,
27293,Accepted,,,,,
27294,Accepted,,,,,
27295,Accepted,,,,,
27296,Accepted,,,,,
27297,Accepted,,,,,
27298,Accepted,,,,,
27299,Accepted,,,,,
27300,Accepted,,,,,
27301,Accepted,,,,,
27302,Accepted,,,,,
27303,Accepted,,,,,
27304,Accepted,,,,,
27305,Accepted,,,,,
27306,Accepted,,,,,
27307,Accepted,,,,,
27308,Accepted,,,,,
27309,Accepted,,,,,
27310,Accepted,,,,,
27311,Accepted,,,,,
27312,Accepted,,,,,
27313,Accepted,,,,,
27314,Accepted,,,,,
27315,Accepted,,,,,
27316,Accepted,,,,,
27317,Accepted,,,,,
27318,Accepted,,,,,
27319,Accepted,,,,,
27320,Accepted,,,,,
27321,Accepted,,,,,
27322,Accepted,,,,,
27323,Accepted,,,,,
27324,Accepted,,,,,
27325,Accepted,,,,,
27326,Accepted,,,,,
27327,Accepted,,,,,
27328,Accepted,,,,,
27329,Accepted,,,,,
27330,Accepted,,,,,
27331,Accepted,,,,,
27332,Accepted,,,,,
27333,Accepted,,,,,
27334,Accepted,,,,,
27335,Accepted,,,,,
27336,Accepted,,,,,
27337,Accepted,,,,,
27338,Accepted,,,,,
27339,Accepted,,,,,
27340,Accepted,,,,,
27341,Accepted,,,,,
27342,Accepted,,,,,
27343,Accepted,,,,,
27344,Accepted,,,,,
27345,Accepted,,,,,
27346,Accepted,,,,,
27347,Accepted,,,,,
27348,Accepted,,,,,
27349,Accepted,,,,,
27350,Accepted,,,,,
27351,Accepted,,,,,
27352,Accepted,,,,,
27353,Accepted,,,,,
27354,Accepted,,,,,
27355,Accepted,,,,,
27356,Accepted,,,,,
27357,Accepted,,,,,
27358,Accepted,,,,,
27359,Accepted,,,,,
27360,Accepted,,,,,
27361,Accepted,,,,,
27362,Accepted,,,,,
27363,Accepted,,,,,
27364,Accepted,,,,,
27365,Accepted,,,,,
27366,Accepted,,,,,
27367,Accepted,,,,,
27368,Accepted,,,,,
27369,Accepted,,,,,
27370,Accepted,,,,,
27371,Accepted,,,,,
27372,Accepted,,,,,
27373,Accepted,,,,,
27374,Accepted,,,,,
27375,Accepted,,,,,
27376,Accepted,,,,,
27377,Accepted,,,,,
27378,Accepted,,,,,
27379,Accepted,,,,,
27380,Accepted,,,,,
27381,Accepted,,,,,
27382,Accepted,,,,,
27383,Accepted,,,,,
27384,Accepted,,,,,
27385,Accepted,,,,,
27386,Accepted,,,,,
27387,Accepted,,,,,
27388,Accepted,,,,,
27389,Accepted,,,,,
27390,Accepted,,,,,
27391,Accepted,,,,,
27392,Accepted,,,,,
27393,Accepted,,,,,
27394,Accepted,,,,,
27395,Accepted,,,,,
27396,Accepted,,,,,
27397,Accepted,,,,,
27398,Accepted,,,,,
27399,Accepted,,,,,
27400,Accepted,,,,,
27401,Accepted,,,,,
27402,Accepted,,,,,
27403,Accepted,,,,,
27404,Accepted,,,,,
27405,Accepted,,,,,
27406,Accepted,,,,,
27407,Accepted,,,,,
27408,Accepted,,,,,
27409,Accepted,,,,,
27410,Accepted,,,,,
27411,Accepted,,,,,
27412,Accepted,,,,,
27413,Accepted,,,,,
27414,Accepted,,,,,
27415,Accepted,,,,,
27416,Accepted,,,,,
27417,Accepted,,,,,
27418,Accepted,,,,,
27419,Accepted,,,,,
27420,Accepted,,,,,
27421,Accepted,,,,,
27422,Accepted,,,,,
27423,Accepted,,,,,
27424,Accepted,,,,,
27425,Accepted,,,,,
27426,Accepted,,,,,
27427,Accepted,,,,,
27428,Accepted,,,,,
27429,Accepted,,,,,
27430,Accepted,,,,,
27431,Accepted,,,,,
27432,Accepted,,,,,
27433,Accepted,,,,,
27434,Accepted,,,,,
27435,Accepted,,,,,
27436,Accepted,,,,,
27437,Accepted,,,,,
27438,Accepted,,,,,
27439,Accepted,,,,,
27440,Accepted,,,,,
27441,Accepted,,,,,
27442,Accepted,,,,,
27443,Accepted,,,,,
27444,Accepted,,,,,
27445,Accepted,,,,,
27446,Accepted,,,,,
27447,Accepted,,,,,
27448,Accepted,,,,,
27449,Accepted,,,,,
27450,Accepted,,,,,
27451,Accepted,,,,,
27452,Accepted,,,,,
27453,Accepted,,,,,
27454,Accepted,,,,,
27455,Accepted,,,,,
27456,Accepted,,,,,
27457,Accepted,,,,,
27458,Accepted,,,,,
27459,Accepted,,,,,
27460,Accepted,,,,,
27461,Accepted,,,,,
27462,Accepted,,,,,
27463,Accepted,,,,,
27464,Accepted,,,,,
27465,Accepted,,,,,
27466,Accepted,,,,,
27467,Accepted,,,,,
27468,Accepted,,,,,
27469,Accepted,,,,,
27470,Accepted,,,,,
27471,Accepted,,,,,
27472,Accepted,,,,,
27473,Accepted,,,,,
27474,Accepted,,,,,
27475,Accepted,,,,,
27476,Accepted,,,,,
27477,Accepted,,,,,
27478,Accepted,,,,,
27479,Accepted,,,,,
27480,Accepted,,,,,
27481,Accepted,,,,,
27482,Accepted,,,,,
27483,Accepted,,,,,
27484,Accepted,,,,,
27485,Accepted,,,,,
27486,Accepted,,,,,
27487,Accepted,,,,,
27488,Accepted,,,,,
27489,Accepted,,,,,
27490,Accepted,,,,,
27491,Accepted,,,,,
27492,Accepted,,,,,
27493,Accepted,,,,,
27494,Accepted,,,,,
27495,Accepted,,,,,
27496,Accepted,,,,,
27497,Accepted,,,,,
27498,Accepted,,,,,
27499,Accepted,,,,,
27500,Accepted,,,,,
27501,Accepted,,,,,
27502,Accepted,,,,,
27503,Accepted,,,,,
27504,Accepted,,,,,
27505,Accepted,,,,,
27506,Accepted,,,,,
27507,Accepted,,,,,
27508,Accepted,,,,,
27509,Accepted,,,,,
27510,Accepted,,,,,
27511,Accepted,,,,,
27512,Accepted,,,,,
27513,Accepted,,,,,
27514,Accepted,,,,,
27515,Accepted,,,,,
27516,Accepted,,,,,
27517,Accepted,,,,,
27518,Accepted,,,,,
27519,Accepted,,,,,
27520,Accepted,,,,,
27521,Accepted,,,,,
27522,Accepted,,,,,
27523,Accepted,,,,,
27524,Accepted,,,,,
27525,Accepted,,,,,
27526,Accepted,,,,,
27527,Accepted,,,,,
27528,Accepted,,,,,
27529,Accepted,,,,,
27530,Accepted,,,,,
27531,Accepted,,,,,
27532,Accepted,,,,,
27533,Accepted,,,,,
27534,Accepted,,,,,
27535,Accepted,,,,,
27536,Accepted,,,,,
27537,Accepted,,,,,
27538,Accepted,,,,,
27539,Accepted,,,,,
27540,Accepted,,,,,
27541,Accepted,,,,,
27542,Accepted,,,,,
27543,Accepted,,,,,
27544,Accepted,,,,,
27545,Accepted,,,,,
27546,Accepted,,,,,
27547,Accepted,,,,,
27548,Accepted,,,,,
27549,Accepted,,,,,
27550,Accepted,,,,,
27551,Accepted,,,,,
27552,Accepted,,,,,
27553,Accepted,,,,,
27554,Accepted,,,,,
27555,Accepted,,,,,
27556,Accepted,,,,,
27557,Accepted,,,,,
27558,Accepted,,,,,
27559,Accepted,,,,,
27560,Accepted,,,,,
27561,Accepted,,,,,
27562,Accepted,,,,,
27563,Accepted,,,,,
27564,Accepted,,,,,
27565,Accepted,,,,,
27566,Accepted,,,,,
27567,Accepted,,,,,
27568,Accepted,,,,,
27569,Accepted,,,,,
27570,Accepted,,,,,
27571,Accepted,,,,,
27572,Accepted,,,,,
27573,Accepted,,,,,
27574,Accepted,,,,,
27575,Accepted,,,,,
27576,Accepted,,,,,
27577,Accepted,,,,,
27578,Accepted,,,,,
27579,Accepted,,,,,
27580,Accepted,,,,,
27581,Accepted,,,,,
27582,Accepted,,,,,
27583,Accepted,,,,,
27584,Accepted,,,,,
27585,Accepted,,,,,
27586,Accepted,,,,,
27587,Accepted,,,,,
27588,Accepted,,,,,
27589,Accepted,,,,,
27590,Accepted,,,,,
27591,Accepted,,,,,
27592,Accepted,,,,,
27593,Accepted,,,,,
27594,Accepted,,,,,
27595,Accepted,,,,,
27596,Accepted,,,,,
27597,Accepted,,,,,
27598,Accepted,,,,,
27599,Accepted,,,,,
27600,Accepted,,,,,
27601,Accepted,,,,,
27602,Accepted,,,,,
27603,Accepted,,,,,
27604,Accepted,,,,,
27605,Accepted,,,,,
27606,Accepted,,,,,
27607,Accepted,,,,,
27608,Accepted,,,,,
27609,Accepted,,,,,
27610,Accepted,,,,,
27611,Accepted,,,,,
27612,Accepted,,,,,
27613,Accepted,,,,,
27614,Accepted,,,,,
27615,Accepted,,,,,
27616,Accepted,,,,,
27617,Accepted,,,,,
27618,Accepted,,,,,
27619,Accepted,,,,,
27620,Accepted,,,,,
27621,Accepted,,,,,
27622,Accepted,,,,,
27623,Accepted,,,,,
27624,Accepted,,,,,
27625,Accepted,,,,,
27626,Accepted,,,,,
27627,Accepted,,,,,
27628,Accepted,,,,,
27629,Accepted,,,,,
27630,Accepted,,,,,
27631,Accepted,,,,,
27632,Accepted,,,,,
27633,Accepted,,,,,
27634,Accepted,,,,,
27635,Accepted,,,,,
27636,Accepted,,,,,
27637,Accepted,,,,,
27638,Accepted,,,,,
27639,Accepted,,,,,
27640,Accepted,,,,,
27641,Accepted,,,,,
27642,Accepted,,,,,
27643,Accepted,,,,,
27644,Accepted,,,,,
27645,Accepted,,,,,
27646,Accepted,,,,,
27647,Accepted,,,,,
27648,Accepted,,,,,
27649,Accepted,,,,,
27650,Accepted,,,,,
27651,Accepted,,,,,
27652,Accepted,,,,,
27653,Accepted,,,,,
27654,Accepted,,,,,
27655,Accepted,,,,,
27656,Accepted,,,,,
27657,Accepted,,,,,
27658,Accepted,,,,,
27659,Accepted,,,,,
27660,Accepted,,,,,
27661,Accepted,,,,,
27662,Accepted,,,,,
27663,Accepted,,,,,
27664,Accepted,,,,,
27665,Accepted,,,,,
27666,Accepted,,,,,
27667,Accepted,,,,,
27668,Accepted,,,,,
27669,Accepted,,,,,
27670,Accepted,,,,,
27671,Accepted,,,,,
27672,Accepted,,,,,
27673,Accepted,,,,,
27674,Accepted,,,,,
27675,Accepted,,,,,
27676,Accepted,,,,,
27677,Accepted,,,,,
27678,Accepted,,,,,
27679,Accepted,,,,,
27680,Accepted,,,,,
27681,Accepted,,,,,
27682,Accepted,,,,,
27683,Accepted,,,,,
27684,Accepted,,,,,
27685,Accepted,,,,,
27686,Accepted,,,,,
27687,Accepted,,,,,
27688,Accepted,,,,,
27689,Accepted,,,,,
27690,Accepted,,,,,
27691,Accepted,,,,,
27692,Accepted,,,,,
27693,Accepted,,,,,
27694,Accepted,,,,,
27695,Accepted,,,,,
27696,Accepted,,,,,
27697,Accepted,,,,,
27698,Accepted,,,,,
27699,Accepted,,,,,
27700,Accepted,,,,,
27701,Accepted,,,,,
27702,Accepted,,,,,
27703,Accepted,,,,,
27704,Accepted,,,,,
27705,Accepted,,,,,
27706,Accepted,,,,,
27707,Accepted,,,,,
27708,Accepted,,,,,
27709,Accepted,,,,,
27710,Accepted,,,,,
27711,Accepted,,,,,
27712,Accepted,,,,,
27713,Accepted,,,,,
27714,Accepted,,,,,
27715,Accepted,,,,,
27716,Accepted,,,,,
27717,Accepted,,,,,
27718,Accepted,,,,,
27719,Accepted,,,,,
27720,Accepted,,,,,
27721,Accepted,,,,,
27722,Accepted,,,,,
27723,Accepted,,,,,
27724,Accepted,,,,,
27725,Accepted,,,,,
27726,Accepted,,,,,
27727,Accepted,,,,,
27728,Accepted,,,,,
27729,Accepted,,,,,
27730,Accepted,,,,,
27731,Accepted,,,,,
27732,Accepted,,,,,
27733,Accepted,,,,,
27734,Accepted,,,,,
27735,Accepted,,,,,
27736,Accepted,,,,,
27737,Accepted,,,,,
27738,Accepted,,,,,
27739,Accepted,,,,,
27740,Accepted,,,,,
27741,Accepted,,,,,
27742,Accepted,,,,,
27743,Accepted,,,,,
27744,Accepted,,,,,
27745,Accepted,,,,,
27746,Accepted,,,,,
27747,Accepted,,,,,
27748,Accepted,,,,,
27749,Accepted,,,,,
27750,Accepted,,,,,
27751,Accepted,,,,,
27752,Accepted,,,,,
27753,Accepted,,,,,
27754,Accepted,,,,,
27755,Accepted,,,,,
27756,Accepted,,,,,
27757,Accepted,,,,,
27758,Accepted,,,,,
27759,Accepted,,,,,
27760,Accepted,,,,,
27761,Accepted,,,,,
27762,Accepted,,,,,
27763,Accepted,,,,,
27764,Accepted,,,,,
27765,Accepted,,,,,
27766,Accepted,,,,,
27767,Accepted,,,,,
27768,Accepted,,,,,
27769,Accepted,,,,,
27770,Accepted,,,,,
27771,Accepted,,,,,
27772,Accepted,,,,,
27773,Accepted,,,,,
27774,Accepted,,,,,
27775,Accepted,,,,,
27776,Accepted,,,,,
27777,Accepted,,,,,
27778,Accepted,,,,,
27779,Accepted,,,,,
27780,Accepted,,,,,
27781,Accepted,,,,,
27782,Accepted,,,,,
27783,Accepted,,,,,
27784,Accepted,,,,,
27785,Accepted,,,,,
27786,Accepted,,,,,
27787,Accepted,,,,,
27788,Accepted,,,,,
27789,Accepted,,,,,
27790,Accepted,,,,,
27791,Accepted,,,,,
27792,Accepted,,,,,
27793,Accepted,,,,,
27794,Accepted,,,,,
27795,Accepted,,,,,
27796,Accepted,,,,,
27797,Accepted,,,,,
27798,Accepted,,,,,
27799,Accepted,,,,,
27800,Accepted,,,,,
27801,Accepted,,,,,
27802,Accepted,,,,,
27803,Accepted,,,,,
27804,Accepted,,,,,
27805,Accepted,,,,,
27806,Accepted,,,,,
27807,Accepted,,,,,
27808,Accepted,,,,,
27809,Accepted,,,,,
27810,Accepted,,,,,
27811,Accepted,,,,,
27812,Accepted,,,,,
27813,Accepted,,,,,
27814,Accepted,,,,,
27815,Accepted,,,,,
27816,Accepted,,,,,
27817,Accepted,,,,,
27818,Accepted,,,,,
27819,Accepted,,,,,
27820,Accepted,,,,,
27821,Accepted,,,,,
27822,Accepted,,,,,
27823,Accepted,,,,,
27824,Accepted,,,,,
27825,Accepted,,,,,
27826,Accepted,,,,,
27827,Accepted,,,,,
27828,Accepted,,,,,
27829,Accepted,,,,,
27830,Accepted,,,,,
27831,Accepted,,,,,
27832,Accepted,,,,,
27833,Accepted,,,,,
27834,Accepted,,,,,
27835,Accepted,,,,,
27836,Accepted,,,,,
27837,Accepted,,,,,
27838,Accepted,,,,,
27839,Accepted,,,,,
27840,Accepted,,,,,
27841,Accepted,,,,,
27842,Accepted,,,,,
27843,Accepted,,,,,
27844,Accepted,,,,,
27845,Accepted,,,,,
27846,Accepted,,,,,
27847,Accepted,,,,,
27848,Accepted,,,,,
27849,Accepted,,,,,
27850,Accepted,,,,,
27851,Accepted,,,,,
27852,Accepted,,,,,
27853,Accepted,,,,,
27854,Accepted,,,,,
27855,Accepted,,,,,
27856,Accepted,,,,,
27857,Accepted,,,,,
27858,Accepted,,,,,
27859,Accepted,,,,,
27860,Accepted,,,,,
27861,Accepted,,,,,
27862,Accepted,,,,,
27863,Accepted,,,,,
27864,Accepted,,,,,
27865,Accepted,,,,,
27866,Accepted,,,,,
27867,Accepted,,,,,
27868,Accepted,,,,,
27869,Accepted,,,,,
27870,Accepted,,,,,
27871,Accepted,,,,,
27872,Accepted,,,,,
27873,Accepted,,,,,
27874,Accepted,,,,,
27875,Accepted,,,,,
27876,Accepted,,,,,
27877,Accepted,,,,,
27878,Accepted,,,,,
27879,Accepted,,,,,
27880,Accepted,,,,,
27881,Accepted,,,,,
27882,Accepted,,,,,
27883,Accepted,,,,,
27884,Accepted,,,,,
27885,Accepted,,,,,
27886,Accepted,,,,,
27887,Accepted,,,,,
27888,Accepted,,,,,
27889,Accepted,,,,,
27890,Accepted,,,,,
27891,Accepted,,,,,
27892,Accepted,,,,,
27893,Accepted,,,,,
27894,Accepted,,,,,
27895,Accepted,,,,,
27896,Accepted,,,,,
27897,Accepted,,,,,
27898,Accepted,,,,,
27899,Accepted,,,,,
27900,Accepted,,,,,
27901,Accepted,,,,,
27902,Accepted,,,,,
27903,Accepted,,,,,
27904,Accepted,,,,,
27905,Accepted,,,,,
27906,Accepted,,,,,
27907,Accepted,,,,,
27908,Accepted,,,,,
27909,Accepted,,,,,
27910,Accepted,,,,,
27911,Accepted,,,,,
27912,Accepted,,,,,
27913,Accepted,,,,,
27914,Accepted,,,,,
27915,Accepted,,,,,
27916,Accepted,,,,,
27917,Accepted,,,,,
27918,Accepted,,,,,
27919,Accepted,,,,,
27920,Accepted,,,,,
27921,Accepted,,,,,
27922,Accepted,,,,,
27923,Accepted,,,,,
27924,Accepted,,,,,
27925,Accepted,,,,,
27926,Accepted,,,,,
27927,Accepted,,,,,
27928,Accepted,,,,,
27929,Accepted,,,,,
27930,Accepted,,,,,
27931,Accepted,,,,,
27932,Accepted,,,,,
27933,Accepted,,,,,
27934,Accepted,,,,,
27935,Accepted,,,,,
27936,Accepted,,,,,
27937,Accepted,,,,,
27938,Accepted,,,,,
27939,Accepted,,,,,
27940,Accepted,,,,,
27941,Accepted,,,,,
27942,Accepted,,,,,
27943,Accepted,,,,,
27944,Accepted,,,,,
27945,Accepted,,,,,
27946,Accepted,,,,,
27947,Accepted,,,,,
27948,Accepted,,,,,
27949,Accepted,,,,,
27950,Accepted,,,,,
27951,Accepted,,,,,
27952,Accepted,,,,,
27953,Accepted,,,,,
27954,Accepted,,,,,
27955,Accepted,,,,,
27956,Accepted,,,,,
27957,Accepted,,,,,
27958,Accepted,,,,,
27959,Accepted,,,,,
27960,Accepted,,,,,
27961,Accepted,,,,,
27962,Accepted,,,,,
27963,Accepted,,,,,
27964,Accepted,,,,,
27965,Accepted,,,,,
27966,Accepted,,,,,
27967,Accepted,,,,,
27968,Accepted,,,,,
27969,Accepted,,,,,
27970,Accepted,,,,,
27971,Accepted,,,,,
27972,Accepted,,,,,
27973,Accepted,,,,,
27974,Accepted,,,,,
27975,Accepted,,,,,
27976,Accepted,,,,,
27977,Accepted,,,,,
27978,Accepted,,,,,
27979,Accepted,,,,,
27980,Accepted,,,,,
27981,Accepted,,,,,
27982,Accepted,,,,,
27983,Accepted,,,,,
27984,Accepted,,,,,
27985,Accepted,,,,,
27986,Accepted,,,,,
27987,Accepted,,,,,
27988,Accepted,,,,,
27989,Accepted,,,,,
27990,Accepted,,,,,
27991,Accepted,,,,,
27992,Accepted,,,,,
27993,Accepted,,,,,
27994,Accepted,,,,,
27995,Accepted,,,,,
27996,Accepted,,,,,
27997,Accepted,,,,,
27998,Accepted,,,,,
27999,Accepted,,,,,
28000,Accepted,,,,,
28001,Accepted,,,,,
28002,Accepted,,,,,
28003,Accepted,,,,,
28004,Accepted,,,,,
28005,Accepted,,,,,
28006,Accepted,,,,,
28007,Accepted,,,,,
28008,Accepted,,,,,
28009,Accepted,,,,,
28010,Accepted,,,,,
28011,Accepted,,,,,
28012,Accepted,,,,,
28013,Accepted,,,,,
28014,Accepted,,,,,
28015,Accepted,,,,,
28016,Accepted,,,,,
28017,Accepted,,,,,
28018,Accepted,,,,,
28019,Accepted,,,,,
28020,Accepted,,,,,
28021,Accepted,,,,,
28022,Accepted,,,,,
28023,Accepted,,,,,
28024,Accepted,,,,,
28025,Accepted,,,,,
28026,Accepted,,,,,
28027,Accepted,,,,,
28028,Accepted,,,,,
28029,Accepted,,,,,
28030,Accepted,,,,,
28031,Accepted,,,,,
28032,Accepted,,,,,
28033,Accepted,,,,,
28034,Accepted,,,,,
28035,Accepted,,,,,
28036,Accepted,,,,,
28037,Accepted,,,,,
28038,Accepted,,,,,
28039,Accepted,,,,,
28040,Accepted,,,,,
28041,Accepted,,,,,
28042,Accepted,,,,,
28043,Accepted,,,,,
28044,Accepted,,,,,
28045,Accepted,,,,,
28046,Accepted,,,,,
28047,Accepted,,,,,
28048,Accepted,,,,,
28049,Accepted,,,,,
28050,Accepted,,,,,
28051,Accepted,,,,,
28052,Accepted,,,,,
28053,Accepted,,,,,
28054,Accepted,,,,,
28055,Accepted,,,,,
28056,Accepted,,,,,
28057,Accepted,,,,,
28058,Accepted,,,,,
28059,Accepted,,,,,
28060,Accepted,,,,,
28061,Accepted,,,,,
28062,Accepted,,,,,
28063,Accepted,,,,,
28064,Accepted,,,,,
28065,Accepted,,,,,
28066,Accepted,,,,,
28067,Accepted,,,,,
28068,Accepted,,,,,
28069,Accepted,,,,,
28070,Accepted,,,,,
28071,Accepted,,,,,
28072,Accepted,,,,,
28073,Accepted,,,,,
28074,Accepted,,,,,
28075,Accepted,,,,,
28076,Accepted,,,,,
28077,Accepted,,,,,
28078,Accepted,,,,,
28079,Accepted,,,,,
28080,Accepted,,,,,
28081,Accepted,,,,,
28082,Accepted,,,,,
28083,Accepted,,,,,
28084,Accepted,,,,,
28085,Accepted,,,,,
28086,Accepted,,,,,
28087,Accepted,,,,,
28088,Accepted,,,,,
28089,Accepted,,,,,
28090,Accepted,,,,,
28091,Accepted,,,,,
28092,Accepted,,,,,
28093,Accepted,,,,,
28094,Accepted,,,,,
28095,Accepted,,,,,
28096,Accepted,,,,,
28097,Accepted,,,,,
28098,Accepted,,,,,
28099,Accepted,,,,,
28100,Accepted,,,,,
28101,Accepted,,,,,
28102,Accepted,,,,,
28103,Accepted,,,,,
28104,Accepted,,,,,
28105,Accepted,,,,,
28106,Accepted,,,,,
28107,Accepted,,,,,
28108,Accepted,,,,,
28109,Accepted,,,,,
28110,Accepted,,,,,
28111,Accepted,,,,,
28112,Accepted,,,,,
28113,Accepted,,,,,
28114,Accepted,,,,,
28115,Accepted,,,,,
28116,Accepted,,,,,
28117,Accepted,,,,,
28118,Accepted,,,,,
28119,Accepted,,,,,
28120,Accepted,,,,,
28121,Accepted,,,,,
28122,Accepted,,,,,
28123,Accepted,,,,,
28124,Accepted,,,,,
28125,Accepted,,,,,
28126,Accepted,,,,,
28127,Accepted,,,,,
28128,Accepted,,,,,
28129,Accepted,,,,,
28130,Accepted,,,,,
28131,Accepted,,,,,
28132,Accepted,,,,,
28133,Accepted,,,,,
28134,Accepted,,,,,
28135,Accepted,,,,,
28136,Accepted,,,,,
28137,Accepted,,,,,
28138,Accepted,,,,,
28139,Accepted,,,,,
28140,Accepted,,,,,
28141,Accepted,,,,,
28142,Accepted,,,,,
28143,Accepted,,,,,
28144,Accepted,,,,,
28145,Accepted,,,,,
28146,Accepted,,,,,
28147,Accepted,,,,,
28148,Accepted,,,,,
28149,Accepted,,,,,
28150,Accepted,,,,,
28151,Accepted,,,,,
28152,Accepted,,,,,
28153,Accepted,,,,,
28154,Accepted,,,,,
28155,Accepted,,,,,
28156,Accepted,,,,,
28157,Accepted,,,,,
28158,Accepted,,,,,
28159,Accepted,,,,,
28160,Accepted,,,,,
28161,Accepted,,,,,
28162,Accepted,,,,,
28163,Accepted,,,,,
28164,Accepted,,,,,
28165,Accepted,,,,,
28166,Accepted,,,,,
28167,Accepted,,,,,
28168,Accepted,,,,,
28169,Accepted,,,,,
28170,Accepted,,,,,
28171,Accepted,,,,,
28172,Accepted,,,,,
28173,Accepted,,,,,
28174,Accepted,,,,,
28175,Accepted,,,,,
28176,Accepted,,,,,
28177,Accepted,,,,,
28178,Accepted,,,,,
28179,Accepted,,,,,
28180,Accepted,,,,,
28181,Accepted,,,,,
28182,Accepted,,,,,
28183,Accepted,,,,,
28184,Accepted,,,,,
28185,Accepted,,,,,
28186,Accepted,,,,,
28187,Accepted,,,,,
28188,Accepted,,,,,
28189,Accepted,,,,,
28190,Accepted,,,,,
28191,Accepted,,,,,
28192,Accepted,,,,,
28193,Accepted,,,,,
28194,Accepted,,,,,
28195,Accepted,,,,,
28196,Accepted,,,,,
28197,Accepted,,,,,
28198,Accepted,,,,,
28199,Accepted,,,,,
28200,Accepted,,,,,
28201,Accepted,,,,,
28202,Accepted,,,,,
28203,Accepted,,,,,
28204,Accepted,,,,,
28205,Accepted,,,,,
28206,Accepted,,,,,
28207,Accepted,,,,,
28208,Accepted,,,,,
28209,Accepted,,,,,
28210,Accepted,,,,,
28211,Accepted,,,,,
28212,Accepted,,,,,
28213,Accepted,,,,,
28214,Accepted,,,,,
28215,Accepted,,,,,
28216,Accepted,,,,,
28217,Accepted,,,,,
28218,Accepted,,,,,
28219,Accepted,,,,,
28220,Accepted,,,,,
28221,Accepted,,,,,
28222,Accepted,,,,,
28223,Accepted,,,,,
28224,Accepted,,,,,
28225,Accepted,,,,,
28226,Accepted,,,,,
28227,Accepted,,,,,
28228,Accepted,,,,,
28229,Accepted,,,,,
28230,Accepted,,,,,
28231,Accepted,,,,,
28232,Accepted,,,,,
28233,Accepted,,,,,
28234,Accepted,,,,,
28235,Accepted,,,,,
28236,Accepted,,,,,
28237,Accepted,,,,,
28238,Accepted,,,,,
28239,Accepted,,,,,
28240,Accepted,,,,,
28241,Accepted,,,,,
28242,Accepted,,,,,
28243,Accepted,,,,,
28244,Accepted,,,,,
28245,Accepted,,,,,
28246,Accepted,,,,,
28247,Accepted,,,,,
28248,Accepted,,,,,
28249,Accepted,,,,,
28250,Accepted,,,,,
28251,Accepted,,,,,
28252,Accepted,,,,,
28253,Accepted,,,,,
28254,Accepted,,,,,
28255,Accepted,,,,,
28256,Accepted,,,,,
28257,Accepted,,,,,
28258,Accepted,,,,,
28259,Accepted,,,,,
28260,Accepted,,,,,
28261,Accepted,,,,,
28262,Accepted,,,,,
28263,Accepted,,,,,
28264,Accepted,,,,,
28265,Accepted,,,,,
28266,Accepted,,,,,
28267,Accepted,,,,,
28268,Accepted,,,,,
28269,Accepted,,,,,
28270,Accepted,,,,,
28271,Accepted,,,,,
28272,Accepted,,,,,
28273,Accepted,,,,,
28274,Accepted,,,,,
28275,Accepted,,,,,
28276,Accepted,,,,,
28277,Accepted,,,,,
28278,Accepted,,,,,
28279,Accepted,,,,,
28280,Accepted,,,,,
28281,Accepted,,,,,
28282,Accepted,,,,,
28283,Accepted,,,,,
28284,Accepted,,,,,
28285,Accepted,,,,,
28286,Accepted,,,,,
28287,Accepted,,,,,
28288,Accepted,,,,,
28289,Accepted,,,,,
28290,Accepted,,,,,
28291,Accepted,,,,,
28292,Accepted,,,,,
28293,Accepted,,,,,
28294,Accepted,,,,,
28295,Accepted,,,,,
28296,Accepted,,,,,
28297,Accepted,,,,,
28298,Accepted,,,,,
28299,Accepted,,,,,
28300,Accepted,,,,,
28301,Accepted,,,,,
28302,Accepted,,,,,
28303,Accepted,,,,,
28304,Accepted,,,,,
28305,Accepted,,,,,
28306,Accepted,,,,,
28307,Accepted,,,,,
28308,Accepted,,,,,
28309,Accepted,,,,,
28310,Accepted,,,,,
28311,Accepted,,,,,
28312,Accepted,,,,,
28313,Accepted,,,,,
28314,Accepted,,,,,
28315,Accepted,,,,,
28316,Accepted,,,,,
28317,Accepted,,,,,
28318,Accepted,,,,,
28319,Accepted,,,,,
28320,Accepted,,,,,
28321,Accepted,,,,,
28322,Accepted,,,,,
28323,Accepted,,,,,
28324,Accepted,,,,,
28325,Accepted,,,,,
28326,Accepted,,,,,
28327,Accepted,,,,,
28328,Accepted,,,,,
28329,Accepted,,,,,
28330,Accepted,,,,,
28331,Accepted,,,,,
28332,Accepted,,,,,
28333,Accepted,,,,,
28334,Accepted,,,,,
28335,Accepted,,,,,
28336,Accepted,,,,,
28337,Accepted,,,,,
28338,Accepted,,,,,
28339,Accepted,,,,,
28340,Accepted,,,,,
28341,Accepted,,,,,
28342,Accepted,,,,,
28343,Accepted,,,,,
28344,Accepted,,,,,
28345,Accepted,,,,,
28346,Accepted,,,,,
28347,Accepted,,,,,
28348,Accepted,,,,,
28349,Accepted,,,,,
28350,Accepted,,,,,
28351,Accepted,,,,,
28352,Accepted,,,,,
28353,Accepted,,,,,
28354,Accepted,,,,,
28355,Accepted,,,,,
28356,Accepted,,,,,
28357,Accepted,,,,,
28358,Accepted,,,,,
28359,Accepted,,,,,
28360,Accepted,,,,,
28361,Accepted,,,,,
28362,Accepted,,,,,
28363,Accepted,,,,,
28364,Accepted,,,,,
28365,Accepted,,,,,
28366,Accepted,,,,,
28367,Accepted,,,,,
28368,Accepted,,,,,
28369,Accepted,,,,,
28370,Accepted,,,,,
28371,Accepted,,,,,
28372,Accepted,,,,,
28373,Accepted,,,,,
28374,Accepted,,,,,
28375,Accepted,,,,,
28376,Accepted,,,,,
28377,Accepted,,,,,
28378,Accepted,,,,,
28379,Accepted,,,,,
28380,Accepted,,,,,
28381,Accepted,,,,,
28382,Accepted,,,,,
28383,Accepted,,,,,
28384,Accepted,,,,,
28385,Accepted,,,,,
28386,Accepted,,,,,
28387,Accepted,,,,,
28388,Accepted,,,,,
28389,Accepted,,,,,
28390,Accepted,,,,,
28391,Accepted,,,,,
28392,Accepted,,,,,
28393,Accepted,,,,,
28394,Accepted,,,,,
28395,Accepted,,,,,
28396,Accepted,,,,,
28397,Accepted,,,,,
28398,Accepted,,,,,
28399,Accepted,,,,,
28400,Accepted,,,,,
28401,Accepted,,,,,
28402,Accepted,,,,,
28403,Accepted,,,,,
28404,Accepted,,,,,
28405,Accepted,,,,,
28406,Accepted,,,,,
28407,Accepted,,,,,
28408,Accepted,,,,,
28409,Accepted,,,,,
28410,Accepted,,,,,
28411,Accepted,,,,,
28412,Accepted,,,,,
28413,Accepted,,,,,
28414,Accepted,,,,,
28415,Accepted,,,,,
28416,Accepted,,,,,
28417,Accepted,,,,,
28418,Accepted,,,,,
28419,Accepted,,,,,
28420,Accepted,,,,,
28421,Accepted,,,,,
28422,Accepted,,,,,
28423,Accepted,,,,,
28424,Accepted,,,,,
28425,Accepted,,,,,
28426,Accepted,,,,,
28427,Accepted,,,,,
28428,Accepted,,,,,
28429,Accepted,,,,,
28430,Accepted,,,,,
28431,Accepted,,,,,
28432,Accepted,,,,,
28433,Accepted,,,,,
28434,Accepted,,,,,
28435,Accepted,,,,,
28436,Accepted,,,,,
28437,Accepted,,,,,
28438,Accepted,,,,,
28439,Accepted,,,,,
28440,Accepted,,,,,
28441,Accepted,,,,,
28442,Accepted,,,,,
28443,Accepted,,,,,
28444,Accepted,,,,,
28445,Accepted,,,,,
28446,Accepted,,,,,
28447,Accepted,,,,,
28448,Accepted,,,,,
28449,Accepted,,,,,
28450,Accepted,,,,,
28451,Accepted,,,,,
28452,Accepted,,,,,
28453,Accepted,,,,,
28454,Accepted,,,,,
28455,Accepted,,,,,
28456,Accepted,,,,,
28457,Accepted,,,,,
28458,Accepted,,,,,
28459,Accepted,,,,,
28460,Accepted,,,,,
28461,Accepted,,,,,
28462,Accepted,,,,,
28463,Accepted,,,,,
28464,Accepted,,,,,
28465,Accepted,,,,,
28466,Accepted,,,,,
28467,Accepted,,,,,
28468,Accepted,,,,,
28469,Accepted,,,,,
28470,Accepted,,,,,
28471,Accepted,,,,,
28472,Accepted,,,,,
28473,Accepted,,,,,
28474,Accepted,,,,,
28475,Accepted,,,,,
28476,Accepted,,,,,
28477,Accepted,,,,,
28478,Accepted,,,,,
28479,Accepted,,,,,
28480,Accepted,,,,,
28481,Accepted,,,,,
28482,Accepted,,,,,
28483,Accepted,,,,,
28484,Accepted,,,,,
28485,Accepted,,,,,
28486,Accepted,,,,,
28487,Accepted,,,,,
28488,Accepted,,,,,
28489,Accepted,,,,,
28490,Accepted,,,,,
28491,Accepted,,,,,
28492,Accepted,,,,,
28493,Accepted,,,,,
28494,Accepted,,,,,
28495,Accepted,,,,,
28496,Accepted,,,,,
28497,Accepted,,,,,
28498,Accepted,,,,,
28499,Accepted,,,,,
28500,Accepted,,,,,
28501,Accepted,,,,,
28502,Accepted,,,,,
28503,Accepted,,,,,
28504,Accepted,,,,,
28505,Accepted,,,,,
28506,Accepted,,,,,
28507,Accepted,,,,,
28508,Accepted,,,,,
28509,Accepted,,,,,
28510,Accepted,,,,,
28511,Accepted,,,,,
28512,Accepted,,,,,
28513,Accepted,,,,,
28514,Accepted,,,,,
28515,Accepted,,,,,
28516,Accepted,,,,,
28517,Accepted,,,,,
28518,Accepted,,,,,
28519,Accepted,,,,,
28520,Accepted,,,,,
28521,Accepted,,,,,
28522,Accepted,,,,,
28523,Accepted,,,,,
28524,Accepted,,,,,
28525,Accepted,,,,,
28526,Accepted,,,,,
28527,Accepted,,,,,
28528,Accepted,,,,,
28529,Accepted,,,,,
28530,Accepted,,,,,
28531,Accepted,,,,,
28532,Accepted,,,,,
28533,Accepted,,,,,
28534,Accepted,,,,,
28535,Accepted,,,,,
28536,Accepted,,,,,
28537,Accepted,,,,,
28538,Accepted,,,,,
28539,Accepted,,,,,
28540,Accepted,,,,,
28541,Accepted,,,,,
28542,Accepted,,,,,
28543,Accepted,,,,,
28544,Accepted,,,,,
28545,Accepted,,,,,
28546,Accepted,,,,,
28547,Accepted,,,,,
28548,Accepted,,,,,
28549,Accepted,,,,,
28550,Accepted,,,,,
28551,Accepted,,,,,
28552,Accepted,,,,,
28553,Accepted,,,,,
28554,Accepted,,,,,
28555,Accepted,,,,,
28556,Accepted,,,,,
28557,Accepted,,,,,
28558,Accepted,,,,,
28559,Accepted,,,,,
28560,Accepted,,,,,
28561,Accepted,,,,,
28562,Accepted,,,,,
28563,Accepted,,,,,
28564,Accepted,,,,,
28565,Accepted,,,,,
28566,Accepted,,,,,
28567,Accepted,,,,,
28568,Accepted,,,,,
28569,Accepted,,,,,
28570,Accepted,,,,,
28571,Accepted,,,,,
28572,Accepted,,,,,
28573,Accepted,,,,,
28574,Accepted,,,,,
28575,Accepted,,,,,
28576,Accepted,,,,,
28577,Accepted,,,,,
28578,Accepted,,,,,
28579,Accepted,,,,,
28580,Accepted,,,,,
28581,Accepted,,,,,
28582,Accepted,,,,,
28583,Accepted,,,,,
28584,Accepted,,,,,
28585,Accepted,,,,,
28586,Accepted,,,,,
28587,Accepted,,,,,
28588,Accepted,,,,,
28589,Accepted,,,,,
28590,Accepted,,,,,
28591,Accepted,,,,,
28592,Accepted,,,,,
28593,Accepted,,,,,
28594,Accepted,,,,,
28595,Accepted,,,,,
28596,Accepted,,,,,
28597,Accepted,,,,,
28598,Accepted,,,,,
28599,Accepted,,,,,
28600,Accepted,,,,,
28601,Accepted,,,,,
28602,Accepted,,,,,
28603,Accepted,,,,,
28604,Accepted,,,,,
28605,Accepted,,,,,
28606,Accepted,,,,,
28607,Accepted,,,,,
28608,Accepted,,,,,
28609,Accepted,,,,,
28610,Accepted,,,,,
28611,Accepted,,,,,
28612,Accepted,,,,,
28613,Accepted,,,,,
28614,Accepted,,,,,
28615,Accepted,,,,,
28616,Accepted,,,,,
28617,Accepted,,,,,
28618,Accepted,,,,,
28619,Accepted,,,,,
28620,Accepted,,,,,
28621,Accepted,,,,,
28622,Accepted,,,,,
28623,Accepted,,,,,
28624,Accepted,,,,,
28625,Accepted,,,,,
28626,Accepted,,,,,
28627,Accepted,,,,,
28628,Accepted,,,,,
28629,Accepted,,,,,
28630,Accepted,,,,,
28631,Accepted,,,,,
28632,Accepted,,,,,
28633,Accepted,,,,,
28634,Accepted,,,,,
28635,Accepted,,,,,
28636,Accepted,,,,,
28637,Accepted,,,,,
28638,Accepted,,,,,
28639,Accepted,,,,,
28640,Accepted,,,,,
28641,Accepted,,,,,
28642,Accepted,,,,,
28643,Accepted,,,,,
28644,Accepted,,,,,
28645,Accepted,,,,,
28646,Accepted,,,,,
28647,Accepted,,,,,
28648,Accepted,,,,,
28649,Accepted,,,,,
28650,Accepted,,,,,
28651,Accepted,,,,,
28652,Accepted,,,,,
28653,Accepted,,,,,
28654,Accepted,,,,,
28655,Accepted,,,,,
28656,Accepted,,,,,
28657,Accepted,,,,,
28658,Accepted,,,,,
28659,Accepted,,,,,
28660,Accepted,,,,,
28661,Accepted,,,,,
28662,Accepted,,,,,
28663,Accepted,,,,,
28664,Accepted,,,,,
28665,Accepted,,,,,
28666,Accepted,,,,,
28667,Accepted,,,,,
28668,Accepted,,,,,
28669,Accepted,,,,,
28670,Accepted,,,,,
28671,Accepted,,,,,
28672,Accepted,,,,,
28673,Accepted,,,,,
28674,Accepted,,,,,
28675,Accepted,,,,,
28676,Accepted,,,,,
28677,Accepted,,,,,
28678,Accepted,,,,,
28679,Accepted,,,,,
28680,Accepted,,,,,
28681,Accepted,,,,,
28682,Accepted,,,,,
28683,Accepted,,,,,
28684,Accepted,,,,,
28685,Accepted,,,,,
28686,Accepted,,,,,
28687,Accepted,,,,,
28688,Accepted,,,,,
28689,Accepted,,,,,
28690,Accepted,,,,,
28691,Accepted,,,,,
28692,Accepted,,,,,
28693,Accepted,,,,,
28694,Accepted,,,,,
28695,Accepted,,,,,
28696,Accepted,,,,,
28697,Accepted,,,,,
28698,Accepted,,,,,
28699,Accepted,,,,,
28700,Accepted,,,,,
28701,Accepted,,,,,
28702,Accepted,,,,,
28703,Accepted,,,,,
28704,Accepted,,,,,
28705,Accepted,,,,,
28706,Accepted,,,,,
28707,Accepted,,,,,
28708,Accepted,,,,,
28709,Accepted,,,,,
28710,Accepted,,,,,
28711,Accepted,,,,,
28712,Accepted,,,,,
28713,Accepted,,,,,
28714,Accepted,,,,,
28715,Accepted,,,,,
28716,Accepted,,,,,
28717,Accepted,,,,,
28718,Accepted,,,,,
28719,Accepted,,,,,
28720,Accepted,,,,,
28721,Accepted,,,,,
28722,Accepted,,,,,
28723,Accepted,,,,,
28724,Accepted,,,,,
28725,Accepted,,,,,
28726,Accepted,,,,,
28727,Accepted,,,,,
28728,Accepted,,,,,
28729,Accepted,,,,,
28730,Accepted,,,,,
28731,Accepted,,,,,
28732,Accepted,,,,,
28733,Accepted,,,,,
28734,Accepted,,,,,
28735,Accepted,,,,,
28736,Accepted,,,,,
28737,Accepted,,,,,
28738,Accepted,,,,,
28739,Accepted,,,,,
28740,Accepted,,,,,
28741,Accepted,,,,,
28742,Accepted,,,,,
28743,Accepted,,,,,
28744,Accepted,,,,,
28745,Accepted,,,,,
28746,Accepted,,,,,
28747,Accepted,,,,,
28748,Accepted,,,,,
28749,Accepted,,,,,
28750,Accepted,,,,,
28751,Accepted,,,,,
28752,Accepted,,,,,
28753,Accepted,,,,,
28754,Accepted,,,,,
28755,Accepted,,,,,
28756,Accepted,,,,,
28757,Accepted,,,,,
28758,Accepted,,,,,
28759,Accepted,,,,,
28760,Accepted,,,,,
28761,Accepted,,,,,
28762,Accepted,,,,,
28763,Accepted,,,,,
28764,Accepted,,,,,
28765,Accepted,,,,,
28766,Accepted,,,,,
28767,Accepted,,,,,
28768,Accepted,,,,,
28769,Accepted,,,,,
28770,Accepted,,,,,
28771,Accepted,,,,,
28772,Accepted,,,,,
28773,Accepted,,,,,
28774,Accepted,,,,,
28775,Accepted,,,,,
28776,Accepted,,,,,
28777,Accepted,,,,,
28778,Accepted,,,,,
28779,Accepted,,,,,
28780,Accepted,,,,,
28781,Accepted,,,,,
28782,Accepted,,,,,
28783,Accepted,,,,,
28784,Accepted,,,,,
28785,Accepted,,,,,
28786,Accepted,,,,,
28787,Accepted,,,,,
28788,Accepted,,,,,
28789,Accepted,,,,,
28790,Accepted,,,,,
28791,Accepted,,,,,
28792,Accepted,,,,,
28793,Accepted,,,,,
28794,Accepted,,,,,
28795,Accepted,,,,,
28796,Accepted,,,,,
28797,Accepted,,,,,
28798,Accepted,,,,,
28799,Accepted,,,,,
28800,Accepted,,,,,
28801,Accepted,,,,,
28802,Accepted,,,,,
28803,Accepted,,,,,
28804,Accepted,,,,,
28805,Accepted,,,,,
28806,Accepted,,,,,
28807,Accepted,,,,,
28808,Accepted,,,,,
28809,Accepted,,,,,
28810,Accepted,,,,,
28811,Accepted,,,,,
28812,Accepted,,,,,
28813,Accepted,,,,,
28814,Accepted,,,,,
28815,Accepted,,,,,
28816,Accepted,,,,,
28817,Accepted,,,,,
28818,Accepted,,,,,
28819,Accepted,,,,,
28820,Accepted,,,,,
28821,Accepted,,,,,
28822,Accepted,,,,,
28823,Accepted,,,,,
28824,Accepted,,,,,
28825,Accepted,,,,,
28826,Accepted,,,,,
28827,Accepted,,,,,
28828,Accepted,,,,,
28829,Accepted,,,,,
28830,Accepted,,,,,
28831,Accepted,,,,,
28832,Accepted,,,,,
28833,Accepted,,,,,
28834,Accepted,,,,,
28835,Accepted,,,,,
28836,Accepted,,,,,
28837,Accepted,,,,,
28838,Accepted,,,,,
28839,Accepted,,,,,
28840,Accepted,,,,,
28841,Accepted,,,,,
28842,Accepted,,,,,
28843,Accepted,,,,,
28844,Accepted,,,,,
28845,Accepted,,,,,
28846,Accepted,,,,,
28847,Accepted,,,,,
28848,Accepted,,,,,
28849,Accepted,,,,,
28850,Accepted,,,,,
28851,Accepted,,,,,
28852,Accepted,,,,,
28853,Accepted,,,,,
28854,Accepted,,,,,
28855,Accepted,,,,,
28856,Accepted,,,,,
28857,Accepted,,,,,
28858,Accepted,,,,,
28859,Accepted,,,,,
28860,Accepted,,,,,
28861,Accepted,,,,,
28862,Accepted,,,,,
28863,Accepted,,,,,
28864,Accepted,,,,,
28865,Accepted,,,,,
28866,Accepted,,,,,
28867,Accepted,,,,,
28868,Accepted,,,,,
28869,Accepted,,,,,
28870,Accepted,,,,,
28871,Accepted,,,,,
28872,Accepted,,,,,
28873,Accepted,,,,,
28874,Accepted,,,,,
28875,Accepted,,,,,
28876,Accepted,,,,,
28877,Accepted,,,,,
28878,Accepted,,,,,
28879,Accepted,,,,,
28880,Accepted,,,,,
28881,Accepted,,,,,
28882,Accepted,,,,,
28883,Accepted,,,,,
28884,Accepted,,,,,
28885,Accepted,,,,,
28886,Accepted,,,,,
28887,Accepted,,,,,
28888,Accepted,,,,,
28889,Accepted,,,,,
28890,Accepted,,,,,
28891,Accepted,,,,,
28892,Accepted,,,,,
